# Bundle file v0.3
18 3010
1.5582635753e+003 9.2053222429e-002 -9.1707322389e-002
7.1566604397e-002 1.8963298330e-001 -9.7924335728e-001
-1.8396262961e-001 9.6742775746e-001 1.7390021568e-001
9.8032442183e-001 1.6769873509e-001 1.0412090187e-001
-6.3040108656e+000 3.6032436369e-001 -2.0007544099e+000
1.5632729059e+003 9.7463766827e-002 -9.3848416813e-002
3.4458111852e-001 1.9883160410e-001 -9.1745836198e-001
-2.2614702998e-001 9.6611202985e-001 1.2443900762e-001
9.1110996789e-001 1.6460115126e-001 3.7786914059e-001
-5.9589175528e+000 2.0491448152e-001 -3.1206406175e-001
1.5795916314e+003 1.1522318768e-001 -1.8895756754e-001
7.6959790758e-001 -1.1655302908e-001 6.2780128389e-001
1.1327173825e-001 9.9252580962e-001 4.5409586667e-002
-6.2840160245e-001 3.6165019818e-002 7.7704795050e-001
3.7858879931e+000 -4.5825324390e-001 2.6483828622e+000
1.5872012282e+003 1.0837377287e-001 -1.3798567292e-001
6.6582230259e-001 -1.4032522930e-001 7.3279566824e-001
1.2775785022e-001 9.8909136856e-001 7.3322550091e-002
-7.3509087403e-001 4.4800610090e-002 6.7648674211e-001
4.5339639449e+000 -3.2527539044e-001 2.0730545808e+000
1.5873220907e+003 1.0463484346e-001 -1.5807331155e-001
4.8947293600e-001 -1.7865787625e-001 8.5352071339e-001
1.7325861570e-001 9.7919815908e-001 1.0560500618e-001
-8.5463307741e-001 9.6189024838e-002 5.1024501418e-001
5.3514066458e+000 -9.8639318871e-002 1.0679977733e+000
1.5874049996e+003 1.2139041804e-001 -2.0720573318e-001
3.1672298439e-001 -1.8651892463e-001 9.2999851716e-001
1.7352557470e-001 9.7532209667e-001 1.3651257331e-001
-9.3251028202e-001 1.1814185754e-001 3.4127272879e-001
5.8919151202e+000 6.2922292513e-002 1.4717568927e-002
1.5959309440e+003 1.0461113733e-001 -2.0788159492e-001
3.3318216873e-002 -2.0518745395e-001 9.7815540952e-001
1.9704946738e-001 9.6083706042e-001 1.9484263067e-001
-9.7982723162e-001 1.8625319344e-001 7.2445456073e-002
6.2835947437e+000 4.5029442516e-001 -1.6885420404e+000
1.6021022356e+003 7.4241818518e-002 -1.0114711479e-001
-2.7725796002e-001 -1.8615679527e-001 9.4258881342e-001
2.1105097325e-001 9.4528891513e-001 2.4876967986e-001
-9.3732892321e-001 2.6790766040e-001 -2.2280030342e-001
6.1292036859e+000 8.3048998350e-001 -3.6071692801e+000
0 0 0
0 0 0
0 0 0
0 0 0
0 0 0
0 0 0
0 0 0
0 0 0
0 0 0
0 0 0
1.5639103715e+003 1.0904243882e-001 -1.7270940511e-001
5.5752641747e-001 1.7948579560e-001 -8.1052399286e-001
-1.9105777391e-001 9.7788069010e-001 8.5125101859e-002
8.0787450811e-001 1.0739741670e-001 5.7948647442e-001
-5.3299239615e+000 -8.8615498178e-002 1.0129826863e+000
1.5687082941e+003 1.0115877845e-001 -1.5975282278e-001
7.4572044196e-001 1.6126252067e-001 -6.4644831337e-001
-1.6679978250e-001 9.8455495310e-001 5.3191887493e-002
6.4504174671e-001 6.8161160216e-002 7.6110130813e-001
-4.3838840690e+000 -2.9247200944e-001 2.2163345990e+000
1.5713836891e+003 1.0416943510e-001 -1.7488477621e-001
8.5800356491e-001 1.3149619347e-001 -4.9652656897e-001
-1.3898788401e-001 9.9004914187e-001 2.2024186080e-002
4.9448180016e-001 5.0114347005e-002 8.6774207085e-001
-3.4465055647e+000 -4.8134140825e-001 2.9395896117e+000
1.5741221195e+003 9.6243368953e-002 -1.4505623951e-001
9.4514687197e-001 7.3037608920e-002 -3.1837540434e-001
-7.6846815374e-002 9.9704273253e-001 5.9706246355e-004
3.1747749112e-001 2.3901824197e-002 9.4796452752e-001
-2.3417485022e+000 -6.5431577815e-001 3.5053992591e+000
1.5698303408e+003 9.0300179869e-002 -1.1804726436e-001
9.8638010643e-001 3.6817399006e-002 -1.6030834279e-001
-3.5962383845e-002 9.9931923388e-001 8.2326031228e-003
1.6050231333e-001 -2.3554057876e-003 9.8703265370e-001
-1.3316482298e+000 -6.5706680581e-001 3.8168797155e+000
1.5747761387e+003 1.0688557906e-001 -1.9380285042e-001
9.9938151929e-001 1.3423819699e-002 3.2501999453e-002
-1.2765029951e-002 9.9971055670e-001 -2.0392568124e-002
-3.2766338124e-002 1.9965066718e-002 9.9926361046e-001
-9.5537652263e-002 -7.7872291799e-001 3.9262705877e+000
1.5742396500e+003 1.2515676977e-001 -2.2752039700e-001
9.7531077866e-001 -2.2812970032e-002 2.1965530594e-001
2.3368504439e-002 9.9972691682e-001 6.9135292554e-005
-2.1959689896e-001 5.0655875959e-003 9.7557754269e-001
1.0832626428e+000 -7.0527031488e-001 3.8485739066e+000
1.5807287043e+003 1.1294975800e-001 -2.1447086090e-001
8.9017120294e-001 -7.0903486321e-002 4.5007546598e-001
8.2235607309e-002 9.9659691769e-001 -5.6469942363e-003
-4.4814343054e-001 4.2039020932e-002 8.9297266833e-001
2.5876060831e+000 -6.9958301949e-001 3.3267473663e+000
3.2239819172e-001 -1.0285736371e-001 -6.4031147163e+000
120 106 79
8 15 125 9.4900 -481.5800 16 111 -4.9100 -515.7500 2 121 18.2100 -512.5699 14 113 5.4100 -532.2800 17 117 0.0100 -463.9700 13 119 -4.9200 -505.4800 12 147 -1.5600 -495.0100 11 230 -12.5300 -509.6400
1.2564914778e+001 9.3525441807e-001 -3.8134339898e+001
235 129 126
3 15 140 516.1100 35.6600 16 125 216.3500 22.7100 2 173 -484.6900 7.3300
1.3753344403e+001 8.5773086985e-001 -3.8533526444e+001
254 254 225
3 15 451 563.5200 31.2500 16 453 258.9700 21.0700 2 571 -439.9300 8.1700
1.4265154589e+001 8.0200664726e-001 -3.8115204223e+001
252 249 216
3 15 450 595.0900 27.6900 16 452 286.0400 18.6600 2 575 -410.0500 10.5100
1.4171727338e+001 1.3123470718e+000 -3.7650046688e+001
254 255 248
3 15 457 600.2500 52.3700 16 458 289.8400 40.9800 2 582 -407.8700 33.1600
3.6715956502e-001 9.9165230386e-002 -6.3415749262e+000
8 8 8
5 15 412 43.4400 -362.6801 16 410 30.8000 -391.7800 2 726 46.6500 -385.1000 17 430 33.8700 -340.1000 3 872 76.5800 -415.2100
1.3727368530e+001 4.5530268728e-001 -3.7704369270e+001
253 251 221
3 15 653 577.4301 13.0100 16 640 271.5800 2.5500 2 811 -422.9500 -7.4000
1.0926173339e+001 3.7941375645e+000 -3.8929968665e+001
252 254 253
4 15 742 431.9600 165.3400 16 727 134.4900 144.2000 2 858 -591.6800 129.1200 17 778 -239.5100 184.4199
1.1072618903e+001 3.6731473510e+000 -3.7675821374e+001
241 242 244
4 15 741 457.0800 164.7200 16 726 157.7900 143.5800 2 863 -562.5000 130.4600 17 777 -215.7300 184.4500
1.9763784318e-002 1.3130759901e+000 -5.7953500411e+000
250 222 174
4 15 1384 -212.9400 564.3900 16 1381 -177.6500 536.6200 2 1010 8.8900 512.2700 17 1380 -85.6200 570.7300
5.3402327131e-002 1.3497577787e+000 -5.7604737569e+000
182 154 109
5 15 2113 -186.6800 606.7700 16 1388 -144.4700 579.2700 2 1014 46.8600 551.6000 17 954 -47.3600 611.9800 4 1820 197.2700 560.4700
1.9285211643e-001 1.4336356646e+000 -5.5949125519e+000
106 94 75
9 15 601 -63.1300 745.1000 16 593 9.6300 711.7000 2 1027 230.6900 664.4700 14 546 -182.0700 684.6100 17 659 131.8800 734.6300 3 1210 325.3300 636.8700 13 855 -255.2100 708.9100 12 1058 -288.8300 719.5200 11 1664 -342.5300 691.0300
1.3437309927e+001 6.0462212955e-001 -3.7459605764e+001
249 117 119
3 15 1545 568.5601 19.6900 16 1538 263.5000 9.2200 2 1201 -431.6000 -1.6700
1.3437309927e+001 6.0462212955e-001 -3.7459605764e+001
249 117 119
3 15 1546 568.5601 19.6900 16 1539 263.5000 9.2200 2 1202 -431.6000 -1.6700
2.0484493969e+000 9.2160856105e-001 -9.8391581689e+000
159 154 134
2 15 1628 438.0200 85.0500 16 1605 229.0300 66.4800
2.0484493969e+000 9.2160856105e-001 -9.8391581689e+000
159 154 134
2 15 1629 438.0200 85.0500 16 1606 229.0300 66.4800
1.1694475280e+001 2.1257222687e+000 -3.9130696377e+001
255 252 237
4 15 1633 462.1100 89.4800 16 1615 164.7600 72.1000 2 1237 -548.6800 54.5800 17 1085 -204.9500 112.0500
1.1694475280e+001 2.1257222687e+000 -3.9130696377e+001
255 252 237
4 15 1634 462.1100 89.4800 16 1616 164.7600 72.1000 2 1238 -548.6800 54.5800 17 1086 -204.9500 112.0500
1.3465871063e+001 4.6117335705e+000 -3.7752046021e+001
250 248 224
4 15 1166 569.0699 207.1300 16 1176 255.9300 185.1000 2 1344 -459.8100 179.2300 17 1180 -119.9300 228.2300
1.2732009299e+001 4.7864791519e+000 -3.7734842875e+001
190 185 163
4 15 1798 535.3900 215.6400 16 1769 225.4200 193.1000 2 1348 -493.1300 185.9299 17 1740 -150.4600 235.8101
3.0169997960e+000 2.3982435156e+000 -1.1890654247e+001
33 9 6
4 15 1293 510.6700 362.7900 16 1962 256.3100 332.1000 2 1479 -309.6900 326.8500 3 1687 -498.6800 310.5901
1.4131723954e-001 1.3391880213e+000 -5.7160196093e+000
219 180 128
7 15 930 -110.8400 609.8800 16 910 -59.4700 579.5200 2 1593 130.8800 546.8700 14 1241 -199.7500 552.2600 17 951 41.3000 608.6200 3 1786 219.9000 522.3700 13 1314 -250.6500 577.5601
1.4107251153e-001 1.3392699851e+000 -5.7158252295e+000
219 180 128
6 15 931 -110.8400 609.8800 16 911 -59.4700 579.5200 2 1594 130.8800 546.8700 17 952 41.3000 608.6200 3 1787 219.9000 522.3700 4 1814 263.5900 553.0300
2.2334598423e-002 1.3542071650e+000 -5.7835289039e+000
206 174 123
6 15 2110 -212.9500 603.9000 16 1384 -174.4100 577.7000 2 1598 12.6700 552.3000 17 1384 -81.1500 611.6100 3 2533 108.0000 529.7000 5 1925 235.8400 527.9800
2.2334598423e-002 1.3542071650e+000 -5.7835289039e+000
206 174 123
6 15 2111 -212.9500 603.9000 16 1385 -174.4100 577.7000 2 1599 12.6700 552.3000 17 1385 -81.1500 611.6100 3 2534 108.0000 529.7000 5 1926 235.8400 527.9800
2.2179266597e-001 1.4266070889e+000 -5.5920567215e+000
160 148 122
8 15 1420 -34.3800 738.6100 16 926 37.5100 704.3600 2 1618 250.8000 655.0601 14 1267 -156.1300 679.7800 17 1402 156.7400 725.5200 3 1805 341.5600 626.6100 13 1333 -232.8800 705.4100 12 1560 -270.4900 716.6000
2.2853335654e-001 1.4337375157e+000 -5.5882508662e+000
109 98 72
7 15 943 -28.2400 747.0800 16 927 44.9600 712.2600 2 1621 256.9500 661.9200 14 1269 -150.5300 688.5701 17 1405 163.1700 733.1000 13 1335 -228.0700 714.0000 12 1564 -266.9700 724.9000
1.0231635826e-001 1.4381780386e+000 -5.6196169050e+000
110 100 75
8 15 1421 -150.5400 741.4100 16 1412 -82.2800 712.8700 2 1627 156.8100 672.3201 14 1946 -257.0300 676.5300 17 1408 45.0900 740.3700 3 2562 261.9000 647.0400 13 3092 -317.8900 698.4100 4 2622 321.1600 676.3000
-1.2141954446e-001 1.4763066776e+000 -5.7980650425e+000
112 102 77
6 15 2141 -335.3100 711.6700 16 1407 -309.2700 692.5900 2 1631 -111.1800 677.1700 17 1407 -217.3300 734.7500 4 1239 78.2400 698.4299 5 1955 178.5400 663.6100
1.3801899259e+001 5.5897391492e-001 -3.7350374910e+001
238 118 112
3 15 1543 587.7700 17.5100 16 1535 280.6500 7.5400 2 1864 -413.4600 -1.8100
1.3867515652e+001 8.8759410899e-001 -3.7581847740e+001
248 243 214
3 15 1565 586.6700 32.3900 16 1556 279.1700 22.9600 2 1869 -417.0800 12.4400
1.3703202097e+001 8.9830937879e-001 -3.7532805933e+001
230 103 90
3 15 1567 579.9600 33.2800 16 1557 273.0900 22.6300 2 1870 -423.2300 12.6000
1.3703202097e+001 8.9830937879e-001 -3.7532805933e+001
230 103 90
3 15 1568 579.9600 33.2800 16 1558 273.0900 22.6300 2 1871 -423.2300 12.6000
1.3735850375e+001 1.1078639737e+000 -3.8481777979e+001
247 240 213
3 15 1053 564.1700 42.5000 16 1567 258.4000 31.1600 2 1882 -441.0600 20.0400
1.4159705476e+001 1.1100865593e+000 -3.8011795153e+001
145 125 109
3 15 1056 592.3900 42.7100 16 1566 283.4700 31.9800 2 1883 -414.2600 23.0900
2.2203545088e+000 1.2554455712e+000 -9.7612253904e+000
193 188 169
2 15 1738 493.2100 176.9900 16 1708 276.4700 152.3800
1.2188874204e+001 4.4808838177e+000 -3.8073647292e+001
249 234 211
4 15 2701 503.7000 199.8700 16 1743 198.0400 178.0601 2 1996 -522.3400 168.8900 17 2565 -176.8600 219.7500
1.1746070785e+001 4.5021148661e+000 -3.8196065135e+001
254 234 210
4 15 1769 481.4900 200.5000 16 2595 177.5100 178.1500 2 1997 -544.9500 168.3000 17 2573 -197.4400 219.9199
1.0840807591e+001 4.5800163646e+000 -3.8544539268e+001
247 234 206
4 15 1776 434.7100 202.7900 16 1746 135.0600 180.0400 2 2000 -594.1000 168.0700 17 1717 -241.2400 220.7900
1.2398104589e+001 4.4530876938e+000 -3.7905267157e+001
243 240 212
3 15 1766 516.3800 199.1500 16 1740 209.2000 177.6000 2 2002 -509.3700 169.0800
1.2418610748e+001 4.6316108346e+000 -3.8049193453e+001
192 174 150
3 15 1784 514.9399 207.0400 16 2617 207.9900 184.6000 2 2017 -512.1800 176.3500
1.2418610748e+001 4.6316108346e+000 -3.8049193453e+001
192 174 150
3 15 1785 514.9399 207.0400 16 2618 207.9900 184.6000 2 2018 -512.1800 176.3500
1.0777557583e+001 4.9391628043e+000 -3.8606441508e+001
193 183 162
4 15 1802 431.3000 218.9299 16 2646 131.1200 195.1300 2 2031 -600.7000 184.4099 17 1748 -245.6300 236.8800
1.3393361480e+001 4.6755661044e+000 -3.7009206581e+001
191 182 161
4 15 1795 579.4100 214.2300 16 1765 265.9200 192.2700 2 2033 -449.4900 186.3000 17 1739 -110.4400 234.9299
1.0034863257e+001 4.7280754706e+000 -3.1547861375e+001
197 180 153
3 15 1200 513.2300 255.3401 16 1816 207.8200 230.6000 2 2076 -504.5800 224.9800
2.6942715691e+000 2.2702205668e+000 -1.1932908954e+001
201 152 93
4 15 1927 442.8800 336.3900 16 1927 196.6700 307.2800 2 2167 -367.0700 301.7900 3 2372 -558.3400 283.6100
1.0499424353e-001 1.4311159693e+000 -5.6206856696e+000
174 162 140
7 15 3301 -147.6800 734.0699 16 2096 -79.5900 704.9000 2 2364 158.3100 664.6899 14 3001 -254.8200 669.5800 17 2110 47.4200 732.4600 3 3661 263.5200 639.5100 13 4594 -315.9200 692.3101
1.2897670277e+001 3.9020035105e+000 -3.7752517882e+001
184 182 159
4 15 2647 541.5900 174.4099 16 2542 233.0100 153.9900 2 2915 -480.7100 145.5200 17 2524 -140.6900 195.9500
1.0572717718e+001 4.9566725459e+000 -3.8794254558e+001
187 177 152
3 15 2752 419.9200 218.6500 16 2647 119.6400 195.1699 2 3002 -613.2600 183.9600
2.5706662673e+000 2.0843412002e+000 -1.2296002377e+001
204 148 96
3 15 2878 397.1500 287.8201 16 2783 153.0800 260.9299 2 3149 -414.8400 253.7900
2.6848196829e+000 2.3841539916e+000 -1.1960433110e+001
223 172 107
4 15 3036 439.9800 358.4700 16 2926 192.6700 327.4700 2 3262 -373.9500 323.1500 3 3419 -566.9200 305.7600
3.1203212333e-001 1.4311107290e+000 -5.5831516948e+000
103 96 77
8 15 1423 53.7500 743.9301 16 1410 124.2900 705.3000 2 3531 308.8000 650.2400 14 1271 -73.7200 691.0200 17 1401 231.3100 723.2100 13 1337 -158.4600 718.8101 12 2342 -208.8300 731.1899 11 2576 -285.5800 705.3900
4.2868248822e-001 6.3645374871e-001 -6.1944885446e+000
83 69 43
7 15 3523 97.2900 -15.0800 16 3390 87.2900 -40.8200 2 3861 99.7600 -38.7100 14 3176 75.9500 -61.5200 17 2274 90.6800 3.1600 3 4014 126.2900 -62.9200 13 3222 58.2000 -40.1900
3.5710847401e-002 1.0699549404e+000 -6.2451299640e+000
249 227 180
3 15 4373 -171.0100 287.8000 16 4211 -196.2100 257.1500 2 4454 -168.0000 234.8500
2.9254687199e+000 2.3594161248e+000 -1.1923090543e+001
249 199 138
3 15 4563 490.1300 354.2000 16 4421 237.8400 323.9099 2 4641 -327.7800 318.5100
2.9749558654e+000 2.5619841834e+000 -1.1743549243e+001
95 50 11
3 15 3122 513.8400 402.9600 16 4564 258.9000 370.2100 2 4745 -308.0000 364.6200
6.2216270103e-002 1.4241781519e+000 -5.6402576779e+000
198 184 153
5 15 4905 -187.0900 719.8300 16 4773 -123.4100 692.7900 2 4945 117.2900 657.6100 17 4578 4.1300 722.9700 3 5079 226.7000 633.0701
4.5624473709e-002 1.4314340340e+000 -5.6473254958e+000
102 90 64
6 15 4910 -202.4000 724.3101 16 4776 -139.7200 698.1100 2 4953 101.6900 664.0800 14 6631 -298.1500 657.8600 17 6611 -14.7000 729.9200 3 7164 211.3900 640.3000
-2.1946601225e-002 1.4423561991e+000 -5.6933328743e+000
111 97 68
5 15 10015 -260.4000 718.2300 16 6822 -209.9000 694.8500 2 4956 25.3400 667.3700 17 4584 -92.0500 730.6600 3 5097 137.3500 645.8900
1.3502403347e+001 3.5521527584e+000 -3.7258095268e+001
245 252 253
4 15 3993 578.6600 159.2600 16 5561 266.9200 140.3200 2 5809 -442.4500 133.6200 17 5402 -106.5800 183.9099
1.0582540370e+001 3.9464813643e+000 -3.8602922395e+001
237 241 242
3 15 5799 421.3800 173.4299 16 5630 124.1700 152.0100 2 5827 -603.4000 137.5300
1.3215219279e+001 3.6927013572e+000 -3.7446823098e+001
196 205 207
3 15 4009 561.8400 164.6900 16 5603 251.3700 146.1900 2 5829 -459.4900 138.6500
2.9356802886e+000 2.3899661253e+000 -1.1946184510e+001
66 25 0
4 15 6469 490.7600 358.9700 16 6365 237.8300 328.9800 2 6481 -328.5000 323.3301 3 4812 -518.8500 306.9199
2.9751804918e+000 2.5910791311e+000 -1.1759535140e+001
251 229 177
4 15 4685 512.7600 407.9600 16 6517 257.7400 375.1700 2 6629 -309.7600 369.4399 3 6845 -498.7600 355.1400
2.9751804918e+000 2.5910791311e+000 -1.1759535140e+001
251 229 177
4 15 4686 512.7600 407.9600 16 6518 257.7400 375.1700 2 6630 -309.7600 369.4399 3 6846 -498.7600 355.1400
1.2754285533e-001 2.0837790939e-001 -6.2236710837e+000
124 106 81
3 15 7132 -115.7600 -306.8900 16 6985 -115.2900 -348.0800 2 7087 -33.4300 -365.1899
1.3531021754e+001 7.3502990124e-001 -3.7701913639e+001
255 238 215
3 15 7602 568.6100 25.9100 16 7483 263.1800 15.1500 2 7736 -432.9400 3.9100
3.0093048310e+000 2.2608550032e+000 -1.1908715951e+001
253 206 148
4 15 9092 507.1600 334.5500 16 8872 254.0500 305.4900 2 9105 -309.3300 299.8700 3 9225 -497.4000 282.5000
2.6303487572e+000 2.2938014018e+000 -1.1923209981e+001
198 154 90
4 15 9115 431.2500 341.7500 16 8908 185.2200 312.0601 2 9145 -378.0700 306.8600 3 9252 -570.5200 289.1699
3.0652083837e+000 2.2571116748e+000 -1.1914856218e+001
205 133 69
3 15 1922 517.9500 333.4199 16 1923 263.4200 304.3600 3 2368 -487.5800 281.4600
2.6628929238e+000 2.2964556947e+000 -1.1894776743e+001
243 193 137
3 15 2998 439.4700 343.4200 16 2902 192.9600 313.6200 3 3393 -561.2900 290.7700
8.9958441745e-002 1.3452744890e+000 -5.7392029649e+000
210 176 128
4 15 2114 -154.7500 608.9100 16 1389 -109.4500 580.0000 17 1383 -9.9700 611.4700 3 3617 176.6200 526.5800
4.0488307738e-001 1.0907722264e+000 -5.9672910591e+000
238 204 159
8 15 1270 101.3800 334.3900 16 1271 109.4600 303.6300 14 1103 50.5300 288.9299 17 2859 137.1900 336.6899 13 1184 16.4600 314.9700 12 1432 6.1000 326.6100 11 1041 -38.4000 314.6400 10 999 -56.8600 308.7100
2.8460545818e-001 1.5779053876e-001 -6.3361822039e+000
99 85 67
6 15 1437 -10.1100 -324.9000 16 2130 -22.6000 -357.9200 14 1299 -19.2200 -370.5800 13 873 -29.3200 -343.2100 12 1074 -22.5500 -329.9800 11 1125 -33.0500 -340.8600
2.9580608343e-001 5.0129159331e-001 -6.2674895290e+000
76 60 37
6 15 1461 1.8000 -103.5900 16 2180 -10.7900 -133.7400 14 1315 -11.2500 -147.7800 13 1401 -20.6100 -122.5000 12 1645 -9.7000 -110.6100 11 1768 -20.8200 -122.4200
2.8924624435e-001 7.8612625961e-001 -6.2026591007e+000
60 53 25
6 15 2498 1.5800 90.3000 16 3579 -10.3800 60.4800 14 2219 -16.1900 46.3700 13 1554 -24.8000 71.9100 12 1848 -10.4700 83.8300 11 2091 -22.1400 71.7700
2.6642899162e-001 6.0487371375e-001 -6.2213364344e+000
116 107 82
6 15 5162 -16.3000 -34.7600 16 5018 -25.6500 -65.3400 14 4866 -33.9300 -77.7800 13 3212 -44.6300 -51.9500 12 3865 -33.4900 -38.6900 11 4408 -45.0400 -49.5400
3.1757676695e-001 -2.3251176086e-001 -6.3904900910e+000
121 148 190
5 15 42 6.3200 -568.2800 16 40 -3.8700 -601.6700 14 33 -0.4900 -620.1801 13 39 -16.6800 -593.3199 12 38 -20.6100 -580.9301
2.6952886036e-001 -2.4431771291e-002 -6.3696182868e+000
87 81 55
5 15 188 -21.9800 -438.4700 16 165 -33.6500 -475.2100 14 117 -30.1200 -484.2600 13 122 -39.9000 -455.5200 12 149 -35.1000 -439.6000
4.0313656323e-001 1.0927750071e+000 -5.9649939593e+000
236 200 150
3 15 537 100.1000 336.5100 16 832 108.8100 304.6599 12 637 3.8700 328.9299
3.1030587937e-001 -1.2443298813e-001 -6.4172930995e+000
133 121 89
5 15 948 2.2000 -493.6200 16 932 -12.4600 -528.2700 14 835 -1.0400 -543.4700 13 551 -10.2200 -515.0000 12 706 -5.3600 -503.1000
3.6442454900e-001 1.4142401838e+000 -5.5892195101e+000
188 171 143
5 15 1415 102.8500 723.6600 16 2088 171.6000 684.0701 14 1265 -22.7100 673.0601 17 3158 267.5400 700.4600 12 1056 -166.4500 714.6600
2.9762601187e-001 1.4184055720e+000 -5.5841113818e+000
109 102 82
5 15 942 38.7100 732.3000 16 924 110.1300 694.5200 14 829 -87.1300 678.0400 13 1331 -171.2200 704.1000 12 1559 -219.9400 716.4700
2.9899906472e-001 7.8263043235e-001 -6.2092443751e+000
153 144 115
5 15 1631 8.1500 87.1800 16 2383 -4.6500 58.1500 14 1467 -8.7000 43.8600 13 1551 -17.3500 69.0900 12 1844 -2.7800 80.2400
2.7628009026e-001 7.5569320645e-001 -6.1964657935e+000
40 30 18
4 15 2466 -7.5400 69.6900 16 2361 -17.8500 39.4300 13 2283 -36.5500 51.4100 12 2763 -23.2300 63.6900
2.9820665245e-001 1.4336603838e+000 -5.5810708374e+000
103 93 68
4 15 2152 39.3300 748.4500 16 2097 111.4900 710.2200 13 2053 -170.8300 720.9399 12 3556 -219.4700 733.0300
2.9937088344e-001 6.3634095533e-002 -6.3685570037e+000
62 54 31
4 15 3335 -2.2400 -381.2700 16 4836 -15.7300 -414.9700 14 3059 -8.7200 -428.1899 12 3645 -12.0800 -389.2400
3.0381247861e-001 6.6490085057e-001 -6.2341185676e+000
150 136 107
5 15 2326 9.6800 6.1400 16 2285 -3.0500 -23.2900 14 3233 -5.8000 -37.4900 13 3246 -14.8700 -12.4300 12 3936 -1.6700 -1.9200
3.0307802928e-001 5.4766357461e-001 -6.2611124268e+000
170 155 124
4 15 5091 7.3600 -72.4700 16 7189 -5.8100 -102.9600 14 7055 -6.0300 -116.9000 12 5600 -3.6900 -80.4100
3.2108689073e-001 -1.0188375480e-001 -6.4015987705e+000
120 106 79
5 15 126 9.4900 -481.5800 16 112 -4.9100 -515.7500 14 114 5.4100 -532.2800 17 118 0.0100 -463.9700 13 120 -4.9200 -505.4800
3.8182074846e-001 5.9727623951e-002 -6.3592802563e+000
129 115 89
4 15 129 51.7900 -385.4600 16 113 37.6100 -415.3101 14 121 43.9700 -437.1000 13 125 31.8700 -413.3300
1.2102157707e-001 1.4330431085e+000 -5.6155272228e+000
125 117 98
5 15 406 -132.8700 737.5900 16 404 -63.1900 707.7500 14 384 -241.7900 674.0601 17 414 63.7100 734.3800 13 379 -305.6300 696.9200
2.9357292266e-001 4.8067700179e-001 -6.2698711616e+000
72 55 35
4 15 968 0.1200 -117.6700 16 1448 -12.3200 -148.3800 14 568 -13.0900 -161.1700 13 567 -22.0700 -135.0200
2.8565631175e-001 8.5860451583e-001 -6.1838848011e+000
45 36 27
5 15 724 0.3300 142.0700 16 1098 -11.3000 112.1900 14 653 -19.0600 97.9100 17 1621 -1.4600 148.4000 13 667 -28.0800 123.0000
3.8384597272e-001 -7.0919537828e-002 -6.3687903605e+000
9 8 5
4 15 604 51.2600 -468.7700 16 934 39.8900 -498.7300 14 391 42.0300 -521.2800 13 862 29.4400 -499.9200
2.9203745496e-001 6.8054039841e-001 -6.2289367621e+000
70 55 34
4 15 1037 1.9200 17.5100 16 1514 -10.6400 -13.0800 14 899 -13.7800 -26.9800 13 919 -22.5000 -1.0500
3.0193246968e-001 8.9693678656e-001 -6.1853751781e+000
148 138 111
4 15 1147 11.9400 168.8000 16 1123 -0.8700 139.6000 14 991 -6.5100 123.9600 13 1047 -15.1300 149.2500
3.1250980649e-001 1.4306407381e+000 -5.5828848300e+000
103 96 77
4 15 1422 53.7500 743.9301 16 1409 124.2900 705.3000 14 1270 -73.7200 691.0200 13 1336 -158.4600 718.8101
3.0429694436e-001 4.6020246697e-001 -6.2797930560e+000
145 132 101
5 15 3373 6.9100 -130.6900 16 3266 -6.4500 -160.3900 14 3099 -5.0000 -175.2000 17 3262 -0.4700 -118.6800 13 3171 -14.4600 -149.8500
3.0254628985e-001 5.9645891356e-001 -6.2514954759e+000
160 147 114
4 15 3460 7.3900 -40.1200 16 3352 -5.4600 -69.5400 14 3147 -5.9700 -84.0200 13 3208 -14.9100 -58.9100
3.0467101352e-001 6.0751885638e-001 -6.2473870771e+000
159 148 116
4 15 1498 9.4500 -32.3500 16 2247 -3.8100 -62.2500 14 2060 -5.0000 -76.4500 13 3211 -13.8700 -52.0500
9.3874521399e-002 1.1629936865e+000 -9.8724614254e+000
72 57 24
4 15 3987 -80.9800 156.0300 16 3734 -278.8500 125.1400 14 3638 102.9300 111.2500 13 3654 265.2300 134.1100
4.6590363015e-001 1.4338988616e+000 -5.6976824864e+000
247 216 178
4 15 6944 186.4100 696.4399 16 6783 224.0100 654.0800 14 6626 86.1000 651.6700 13 4588 15.9300 685.1899
3.1417985322e-001 1.4198766557e+000 -5.5860173937e+000
109 94 75
4 15 6981 54.8100 732.3400 16 6818 125.5800 693.4800 17 9510 231.9800 711.2300 13 6608 -156.9200 706.5701
2.6208878164e-001 6.2988232100e-001 -6.2184632452e+000
126 115 90
4 15 5190 -18.8000 -17.9400 16 5038 -28.7100 -48.7600 14 4891 -36.4100 -60.3400 13 7087 -46.9500 -34.2000
1.3328978856e-001 2.1831283124e-001 -6.2547169537e+000
19 22 15
3 15 194 -111.0300 -295.9399 16 172 -114.7100 -336.3500 14 189 -127.6800 -333.7300
2.6237787436e-001 1.5128503842e-001 -6.3166415466e+000
102 91 69
3 15 301 -24.8700 -332.2700 16 413 -34.2600 -365.9399 14 275 -35.9900 -376.7900
2.8625693012e-001 6.1790649821e-001 -6.2368582290e+000
75 62 45
3 15 442 -2.7400 -25.6300 16 436 -14.7400 -56.5000 14 283 -18.2100 -68.4900
2.8963226833e-001 5.8131526074e-001 -6.2449490995e+000
82 69 50
3 15 435 -1.1200 -50.2500 16 625 -13.0000 -80.8700 14 411 -15.8500 -93.8400
1.3447051949e-001 1.4187662788e+000 -5.6136475832e+000
201 187 158
3 15 600 -119.7000 723.8300 16 590 -49.5000 693.7000 14 826 -230.2400 661.6200
2.6907846213e-001 4.8120934196e-001 -6.2493977247e+000
102 90 68
4 15 969 -15.9700 -117.9000 16 1447 -25.5700 -149.4400 14 858 -31.8100 -161.1700 17 2197 -13.4100 -109.5500
2.7627561595e-001 7.9801577624e-001 -6.1936367057e+000
116 109 83
3 15 1642 -7.5200 98.9500 16 2406 -17.8900 69.4600 14 957 -25.4400 54.9700
3.8034563875e-001 1.4335356814e+000 -5.5870359710e+000
73 60 41
3 15 2150 119.1300 743.9301 16 1408 185.1100 701.6300 14 1272 -7.8600 693.6100
3.2251235844e-001 7.3716418709e-001 -6.2154419686e+000
119 105 78
3 15 1591 24.0700 55.8600 16 1561 10.7800 26.9900 14 1425 6.8500 11.4100
2.8340414265e-001 8.0706955701e-001 -6.1971686476e+000
65 57 34
3 15 1647 -1.8600 105.4400 16 2414 -14.0300 74.7800 14 1486 -20.2000 61.6300
2.4669292046e-001 1.7867158634e-001 -6.3011204361e+000
95 82 63
3 15 3348 -34.5600 -315.9399 16 4852 -43.0800 -351.1300 14 3065 -47.6100 -359.7300
-1.0092167670e+000 1.2755859899e-001 -1.0220360534e+001
159 179 168
3 15 3394 -363.3200 -108.9900 16 2156 -581.0000 -163.0400 14 3118 -167.2200 -140.7500
2.5672890236e-001 6.0461267952e-001 -6.2121557385e+000
108 100 79
3 15 3473 -22.9400 -35.2100 16 5015 -30.9000 -66.2100 14 3151 -41.4800 -78.1400
1.8029013988e+000 1.8032042075e+000 -1.6151679202e+001
198 193 187
3 15 4032 155.5300 171.4000 16 3809 -95.8500 146.3600 14 3694 413.8101 126.1500
-8.2697367702e-001 1.3928188092e+000 -9.0517632403e+000
57 26 6
3 15 4269 -375.0100 253.6200 16 2702 -580.4800 221.9399 14 3959 -193.3500 206.7500
2.2985602883e-001 -8.2360477583e-002 -6.3389834091e+000
99 92 73
3 15 3320 -49.0800 -482.7100 16 4817 -54.8200 -521.5200 14 4694 -59.9500 -527.3900
-9.7240838519e-001 1.8147514248e-001 -1.0208525859e+001
175 191 199
3 15 3400 -354.3800 -95.5600 16 3275 -571.0300 -148.1100 14 4804 -158.6800 -128.4900
-1.1392536845e+000 3.0320220208e-001 -1.0103592568e+001
42 43 44
3 15 5106 -402.9200 -65.9600 16 4941 -625.2200 -119.0600 14 4832 -204.6400 -98.3700
-1.1392536845e+000 3.0320220208e-001 -1.0103592568e+001
42 43 44
3 15 5107 -402.9200 -65.9600 16 4942 -625.2200 -119.0600 14 4833 -204.6400 -98.3700
2.6356205796e-001 9.3597589504e-002 -6.3332906519e+000
143 133 117
3 15 4975 -24.5800 -367.5000 16 6957 -34.9300 -402.4700 14 6857 -34.7300 -412.5699
2.2593378299e-001 1.8444208910e-001 -6.2807183312e+000
21 11 0
3 15 7129 -48.5900 -314.9800 16 4853 -54.2100 -351.1500 14 6911 -63.6400 -357.9500
-8.5950502485e-001 6.5575699370e-002 -1.0159557716e+001
64 49 8
2 15 61 -327.8500 -126.4400 16 57 -539.3600 -179.1600
-5.2954926165e-001 2.5853287488e-001 -1.0212289887e+001
165 186 208
2 15 64 -240.5800 -77.2600 16 41 -445.5900 -121.6000
3.3115288299e-001 -9.6898879958e-003 -6.3822349118e+000
115 102 79
2 15 86 17.9000 -426.9700 16 78 2.9500 -458.2100
2.6890510162e-001 -2.2587990092e-002 -6.3610010927e+000
87 81 55
2 15 189 -21.9800 -438.4700 16 166 -33.6500 -475.2100
1.5191829155e-001 1.0790767780e-001 -6.2838484920e+000
17 17 19
2 15 191 -98.4700 -366.0601 16 169 -103.7000 -407.3000
1.4419524923e-001 1.4314547211e+000 -5.6067874646e+000
109 101 80
2 15 289 -110.6000 738.9000 16 254 -39.1700 708.3700
3.1332773942e-001 -1.7567015530e-001 -6.4269923424e+000
111 99 73
3 15 292 3.7700 -525.2400 16 406 -11.8700 -558.2200 17 421 -8.6800 -505.7300
2.3851645446e-001 8.9235607656e-002 -6.3511005147e+000
6 8 8
2 15 298 -40.7300 -367.6801 16 265 -53.6700 -403.4500
2.3851645446e-001 8.9235607656e-002 -6.3511005147e+000
6 8 8
2 15 299 -40.7300 -367.6801 16 266 -53.6700 -403.4500
3.1114187061e-001 1.5605385594e-001 -6.3416067999e+000
139 123 98
2 15 302 7.4600 -325.1500 16 267 -6.4500 -357.1600
3.1455854882e-002 1.4389919158e+000 -5.6572899615e+000
85 72 55
2 15 405 -214.9400 728.1100 16 403 -154.6900 702.8300
2.4818891144e-001 1.1243929064e-002 -6.3411819709e+000
15 14 12
2 15 408 -35.0200 -420.1100 16 407 -45.0100 -457.5200
2.4818891144e-001 1.1243929064e-002 -6.3411819709e+000
15 14 12
2 15 409 -35.0200 -420.1100 16 408 -45.0100 -457.5200
-9.9561491373e-001 2.0397881027e-001 -1.0208021032e+001
158 179 209
2 15 427 -360.2900 -89.7000 16 422 -577.9200 -142.3400
2.7524600752e+000 2.2538827659e+000 -1.1971973361e+001
220 184 130
2 15 535 452.0400 331.2100 16 831 204.2900 303.1599
3.5861136383e-001 -3.3995104031e-002 -6.3631690653e+000
130 119 89
2 15 607 36.0800 -445.8700 16 598 23.5300 -476.8900
-4.3547114658e-002 1.3733776920e+000 -5.8638280071e+000
197 168 124
2 15 926 -260.5500 598.4000 16 587 -239.5900 572.7800
-3.0154683813e-002 1.4388129286e+000 -5.7025930722e+000
202 186 153
3 15 940 -266.5300 712.0300 16 922 -219.1900 688.3000 17 657 -101.6400 723.9600
2.4123768959e-001 -7.9433123013e-002 -6.3452537314e+000
9 5 3
2 15 949 -40.4200 -478.9600 16 1419 -48.7600 -518.2500
3.9143402378e-001 -5.9143188829e-002 -6.3672885894e+000
131 121 95
2 15 951 56.9400 -461.7300 16 936 43.9900 -490.5400
2.3122570311e-001 1.9842108723e-001 -6.2762175843e+000
91 78 59
2 15 955 -44.2800 -306.6100 16 942 -50.6400 -341.6500
-9.7948681167e-001 8.2930453755e-002 -1.0179865546e+001
171 189 205
2 15 967 -357.8700 -120.8200 16 611 -573.5800 -176.0000
-9.8593383411e-001 1.5790105402e-001 -1.0213292842e+001
49 40 21
2 15 973 -357.6700 -101.3900 16 953 -574.6600 -154.4600
-1.0766541671e+000 2.9955120603e-001 -1.0155742380e+001
102 84 21
2 15 984 -383.7800 -66.6500 16 962 -604.2500 -117.9200
-1.1492803771e+000 3.3284523055e-001 -1.0098757297e+001
171 185 196
2 15 986 -405.9300 -58.4400 16 966 -628.5500 -111.0100
1.6877761428e-001 6.4663175109e-001 -6.1282371997e+000
62 49 32
2 15 1019 -84.4100 -6.6200 16 1499 -82.2300 -40.4300
3.0142210542e-001 7.1390580299e-001 -6.2192236502e+000
150 136 109
2 15 1052 9.0400 39.2900 16 1020 -3.5400 11.0600
2.9328703246e+000 2.2494309753e+000 -1.2223546945e+001
245 200 139
2 15 1258 471.0300 321.2000 16 1266 219.5700 292.7300
3.0304168800e+000 2.6041130696e+000 -1.1827926232e+001
243 222 154
2 15 1321 518.8500 407.2500 16 2008 262.9600 374.5100
3.0720268588e+000 2.6412546540e+000 -1.1766215787e+001
12 0 0
2 15 1328 531.9700 417.6700 16 1333 274.9200 384.3300
3.0720268588e+000 2.6412546540e+000 -1.1766215787e+001
12 0 0
2 15 1329 531.9700 417.6700 16 1334 274.9200 384.3300
3.0720268588e+000 2.6412546540e+000 -1.1766215787e+001
12 0 0
2 15 1330 531.9700 417.6700 16 1335 274.9200 384.3300
3.2713433931e-001 -1.6650221199e-001 -6.4109414206e+000
115 103 76
2 15 1429 13.2400 -521.8199 16 1417 -1.3400 -555.5000
2.2562376675e-001 2.3846002572e-001 -6.2803763969e+000
105 95 69
2 15 1443 -47.6800 -278.9500 16 944 -55.5000 -313.9700
3.0040695623e+000 1.0759637975e+000 -1.0373475960e+001
106 88 49
2 15 1657 632.0800 114.7800 16 1650 391.4800 100.9400
7.2241699600e-002 1.0765083754e+000 -6.2360849822e+000
227 200 147
2 15 1879 -146.3600 293.1200 16 1862 -169.4500 262.1000
9.3101214762e-002 1.0856676697e+000 -6.2236310492e+000
233 206 160
2 15 1887 -132.2800 300.0701 16 1872 -153.8500 270.3900
3.0547296844e+000 2.3449814585e+000 -1.1869579835e+001
173 117 54
2 15 1944 519.2900 352.9299 16 1945 265.0300 323.1200
2.7554459460e+000 2.3841868673e+000 -1.1920272074e+001
226 177 108
2 15 1950 456.6000 359.7000 16 1951 207.8000 329.3800
2.9836987404e+000 2.6736167866e+000 -1.1694602511e+001
255 235 179
2 15 2021 519.5800 428.2900 16 2024 264.1500 394.3300
3.2366322969e-001 1.4203889788e+000 -5.5840679706e+000
116 106 85
2 15 2148 63.9300 733.0500 16 2094 134.5800 694.1200
3.0391209799e-001 -2.2072290985e-001 -6.4261078473e+000
124 150 179
2 15 2158 -2.2700 -552.3800 16 1413 -17.1700 -589.5000
2.2646963775e-001 -1.4733417698e-001 -6.3522842852e+000
102 95 76
3 15 2163 -51.4400 -522.5100 16 2106 -57.1800 -562.7200 17 2120 -39.0700 -515.4100
2.5497779643e-001 7.9943376242e-002 -6.3185240971e+000
109 93 77
2 15 2176 -29.7500 -378.8199 16 2119 -38.6400 -414.8600
1.5739785560e-001 4.2843020644e-001 -6.1616183578e+000
86 86 76
2 15 2210 -94.0100 -160.9700 16 2145 -90.8900 -196.3500
1.5076454807e-001 4.3727696856e-001 -6.1605760360e+000
132 123 98
2 15 2211 -98.6400 -154.4400 16 1432 -95.6200 -190.6200
3.0377677124e-001 4.7658872554e-001 -6.2725306139e+000
148 133 102
2 15 2220 7.1200 -119.8600 16 2161 -6.1600 -149.9900
-1.0673708198e+000 1.7250920778e-001 -1.0145664507e+001
161 174 197
2 15 2234 -382.2500 -99.2600 16 1445 -601.1800 -153.0200
-1.1467612577e+000 3.6403221971e-001 -1.0094218823e+001
65 42 16
2 15 2262 -405.4500 -50.4000 16 1461 -628.2000 -102.4400
1.1112855475e-001 1.1551624493e+000 -9.9581543779e+000
213 211 194
2 15 2600 -76.8300 151.7900 16 2495 -274.5600 121.1900
2.9422669150e+000 2.2250398626e+000 -1.2290483097e+001
57 18 3
2 15 2943 468.4700 314.1300 16 2849 216.9400 286.1200
4.6403286950e-001 1.1105553010e+000 -6.0071372136e+000
200 175 139
2 15 2995 143.7200 342.7700 16 4400 143.4000 311.8900
2.7096010501e+000 2.3107983321e+000 -1.1865196348e+001
106 61 28
2 15 3004 450.6300 347.4399 16 2906 203.4100 317.4600
3.0960856947e+000 2.3857681297e+000 -1.1879184396e+001
97 50 21
2 15 3039 527.0400 360.7700 16 4441 271.5700 330.2400
2.6463089686e+000 2.4154485602e+000 -1.2032943173e+001
216 167 108
2 15 3040 428.3199 361.2600 16 1960 180.9200 331.6100
3.0655951603e+000 2.4090841317e+000 -1.1906162575e+001
230 179 122
2 15 3055 519.1500 364.5000 16 2940 264.1100 333.6100
4.6356838156e-001 1.1380807417e+000 -6.0021377445e+000
206 177 143
2 15 3056 144.2300 364.4299 16 4451 143.8500 334.0400
3.0332910460e+000 2.7196339009e+000 -1.1767536571e+001
39 15 0
2 15 3164 524.4800 433.6000 16 3057 267.6000 399.8101
3.0332910460e+000 2.7196339009e+000 -1.1767536571e+001
39 15 0
2 15 3165 524.4800 433.6000 16 3058 267.6000 399.8101
2.5447556728e-001 -1.6699375290e-001 -6.3699481541e+000
80 77 59
2 15 3315 -32.7700 -531.4700 16 4808 -42.0600 -570.0200
1.3726118858e-001 1.9150123376e-001 -6.2083387687e+000
145 131 105
2 15 3347 -109.3800 -320.5000 16 2129 -106.8600 -362.4500
2.2823768817e-001 3.2687458885e-001 -6.2532097064e+000
154 143 113
2 15 3355 -45.0300 -222.3101 16 3237 -51.5900 -256.5300
2.2770316130e-001 3.4007138179e-001 -6.2468999001e+000
163 149 120
2 15 3356 -45.2400 -213.7100 16 3239 -51.3300 -248.4100
-8.1198914354e-001 -5.9861702974e-002 -1.0225911966e+001
69 61 41
2 15 3361 -313.1300 -156.3100 16 3240 -523.1400 -210.3101
2.5755069449e-001 4.4449638241e-001 -6.2435119067e+000
60 49 27
2 15 3367 -23.9400 -143.5600 16 4903 -32.3400 -175.0800
-1.0088943077e+000 1.0666985704e-001 -1.0219749495e+001
49 61 55
2 15 3387 -363.4100 -114.2200 16 3257 -580.7900 -168.4100
-1.0088943077e+000 1.0666985704e-001 -1.0219749495e+001
49 61 55
2 15 3388 -363.4100 -114.2200 16 3259 -580.7900 -168.4100
2.9596831159e-001 4.8966256092e-001 -6.2709317148e+000
84 68 45
2 15 3391 2.0200 -111.2100 16 3279 -11.2800 -141.3800
-9.8020963400e-001 1.3184381581e-001 -1.0206802024e+001
178 178 180
2 15 3395 -356.5900 -108.0900 16 2158 -573.0900 -161.6600
-9.8058339730e-001 3.9649051588e-001 -9.9603302207e+000
71 65 32
2 15 3455 -368.6300 -44.6600 16 2215 -584.0900 -93.2800
3.0074487971e-001 6.1988592022e-001 -6.2420028760e+000
143 131 104
2 15 3499 7.1400 -24.2200 16 3371 -5.9100 -54.0000
3.2849405696e-001 7.8494711038e-001 -6.1956570816e+000
88 74 47
2 15 3807 29.2100 88.9700 16 2387 17.2700 60.6700
-8.0279444250e-001 9.0782898015e-001 -1.0034487877e+001
72 59 55
2 15 3809 -316.4500 89.1800 16 3565 -531.8900 51.0800
1.2128201800e+001 3.1034244839e+000 -3.8023788230e+001
253 251 216
3 15 3936 500.4800 136.4100 16 3708 197.0800 117.5800 17 3682 -174.0500 158.7400
3.2984591321e-002 1.1441711555e+000 -1.0002520680e+001
180 158 89
2 15 3967 -97.0900 148.1400 16 3709 -296.4100 117.5200
1.8318459910e+000 1.7354484923e+000 -1.6160510754e+001
66 56 44
3 15 3999 158.9400 162.6000 16 5547 -92.2000 136.9200 17 5353 -427.2200 171.2900
9.9166942777e-002 1.1982868525e+000 -9.9309893546e+000
57 48 32
3 15 4008 -79.3900 163.9100 16 2512 -278.7400 133.6700 17 2464 -541.9500 160.9600
1.1908477404e+001 4.3232124876e+000 -3.7853144090e+001
210 199 178
3 15 4093 494.3700 193.4900 16 3906 189.4100 172.2200 17 3835 -184.8600 213.8600
1.0655598590e+001 4.9116251228e+000 -3.8670398102e+001
250 245 220
3 15 4162 425.0800 217.1599 16 3985 125.1000 193.9399 17 3886 -252.1800 235.0901
3.7066302398e-001 1.0573430140e+000 -5.9736208593e+000
235 211 171
2 15 4425 73.7900 307.1599 16 4288 83.4500 277.0500
2.9614842840e+000 2.2100604200e+000 -1.2235698908e+001
73 31 5
2 15 4444 475.5100 313.0400 16 6193 223.8300 285.1699
2.9614842840e+000 2.2100604200e+000 -1.2235698908e+001
73 31 5
2 15 4445 475.5100 313.0400 16 6194 223.8300 285.1699
3.0015139270e+000 2.2166421305e+000 -1.2107207969e+001
250 202 153
2 15 4462 491.6300 318.7000 16 6221 239.3000 290.5100
-1.0827385327e+000 2.9167690586e+000 -1.4250244578e+001
40 21 1
2 15 4632 -248.6300 379.0000 16 2986 -516.1400 355.7600
2.9704982724e+000 2.4922441723e+000 -1.1729259260e+001
74 29 2
2 15 4653 513.3600 389.2700 16 4530 259.7100 357.4100
3.1427884580e+000 2.5014792871e+000 -1.1440948376e+001
36 43 46
2 15 4678 571.4900 404.3201 16 4568 313.9800 371.6500
3.1427884580e+000 2.5014792871e+000 -1.1440948376e+001
36 43 46
2 15 4679 571.4900 404.3201 16 4569 313.9800 371.6500
3.0957850228e+000 2.5819175479e+000 -1.1649990823e+001
245 205 149
2 15 4692 545.3500 410.9399 16 6525 288.2900 378.2200
3.0491559313e+000 2.6243369793e+000 -1.1749370406e+001
33 9 1
2 15 4697 528.5200 415.0800 16 4590 272.1000 381.9600
3.1080610845e+000 2.6706541468e+000 -1.1656876229e+001
247 203 139
2 15 4717 547.8101 429.0500 16 4622 289.7400 395.1500
2.7116003182e+000 2.5220863471e+000 -1.0413160214e+001
156 142 115
2 15 4770 565.8700 470.2800 16 4687 319.4600 434.1500
-1.2699074895e-001 1.4636046516e+000 -5.8172510252e+000
210 196 161
2 15 4888 -337.7700 693.5701 16 4765 -314.2200 674.0500
3.3161744442e-001 1.4265864337e+000 -5.6589378369e+000
152 121 75
2 15 4896 66.3300 707.7700 16 4757 120.6000 669.7700
3.0263313501e-001 1.4151065099e+000 -5.5918030823e+000
205 187 156
2 15 4912 42.9100 724.8900 16 6808 113.1200 687.3600
1.7484480321e-001 1.4222840243e+000 -5.6026119236e+000
98 86 63
3 15 4914 -81.0500 730.7600 16 3183 -9.1300 698.7400 17 3174 114.3400 722.7500
3.0594008461e-001 -2.0680360053e-001 -6.4268631672e+000
120 113 89
2 15 4943 -0.8800 -543.2900 16 4807 -16.2000 -580.1700
2.3379579127e-001 -8.2342090990e-002 -6.3325684515e+000
12 5 1
2 15 4950 -45.3400 -484.2800 16 6905 -52.0200 -522.7800
2.4208289799e-001 2.9752515345e-001 -6.2644050263e+000
120 107 88
2 15 5008 -35.9700 -241.0500 16 4871 -43.3000 -274.8400
2.7025934738e-001 3.2316521242e-001 -6.2838865480e+000
112 100 76
2 15 5012 -16.9900 -221.9000 16 4875 -27.5500 -253.8300
-8.4157110744e-001 1.7559954791e-002 -1.0179652177e+001
171 181 171
2 15 5036 -322.4800 -138.2900 16 3250 -533.3300 -191.1700
3.0348337111e-001 5.0931907187e-001 -6.2624314951e+000
157 141 114
2 15 5062 7.4800 -98.2300 16 4936 -5.3800 -128.6100
-9.6689399208e-001 3.2487429836e-001 -1.0036955029e+001
179 178 171
2 15 5116 -361.1400 -62.1800 16 3312 -576.5700 -112.0400
2.9789158888e-001 5.7920618774e-001 -6.2506738645e+000
75 60 37
2 15 5138 4.6200 -51.4100 16 4990 -8.4500 -81.7700
-8.0494017606e-001 9.2717961288e-001 -1.0038982598e+001
62 51 45
2 15 5508 -316.7700 94.5600 16 3570 -532.5300 56.0400
1.8513266045e+000 1.7869550972e+000 -1.6248874808e+001
54 47 41
2 15 5773 159.9900 168.0500 16 5576 -91.6600 143.0600
8.7799580487e+000 4.3144861690e+000 -3.1656373392e+001
252 246 207
3 15 5978 438.7500 231.6200 16 5844 141.4100 207.7200 17 5684 -229.6500 249.2100
8.9295631978e-002 1.0551845345e+000 -6.2302549503e+000
59 39 6
2 15 6175 -134.8700 278.4600 16 6016 -156.5400 247.6000
8.1626553961e-002 1.0629339725e+000 -6.2271522075e+000
254 233 181
3 15 6213 -140.2600 284.2100 16 6045 -161.8600 253.7100 17 8394 -155.3300 286.4000
2.9492571829e+000 2.1337580311e+000 -1.2180618953e+001
245 180 123
2 15 6280 476.3300 300.4000 16 6146 225.5700 272.7700
2.2713347166e-001 1.0620752245e+000 -5.9467021704e+000
138 106 67
2 15 6317 -37.5700 316.5300 16 6200 -20.3000 286.4000
2.9622015016e+000 2.2830405893e+000 -1.2285407987e+001
252 225 177
2 15 6338 472.8500 325.3101 16 6244 220.5000 296.8101
