# Bundle file v0.3
18 2570
0 0 0
0 0 0
0 0 0
0 0 0
0 0 0
1.5668330438e+003 9.7058497171e-002 -8.1110109006e-002
3.3970667811e-001 1.9633743809e-001 -9.1981029743e-001
-2.2429480102e-001 9.6666397429e-001 1.2350142932e-001
9.1339543194e-001 1.6435440734e-001 3.7241967417e-001
-6.1083066613e+000 2.2239511579e-001 -5.2185777943e-001
1.5830983409e+003 1.1736824813e-001 -1.9135033870e-001
7.7346075224e-001 -1.1578859588e-001 6.2317851842e-001
1.1402880299e-001 9.9255111655e-001 4.2891877049e-002
-6.2350292448e-001 3.7885117018e-002 7.8090256823e-001
3.6656770752e+000 -5.1916706973e-001 2.8085882624e+000
1.5908013018e+003 1.0966243864e-001 -1.3544215178e-001
6.7022404048e-001 -1.3932520722e-001 7.2896380033e-001
1.2872543765e-001 9.8915666903e-001 7.0702516269e-002
-7.3091004731e-001 4.6449658106e-002 6.8089127766e-001
4.4464931792e+000 -3.8783597203e-001 2.2489316982e+000
1.5910974655e+003 1.0429885463e-001 -1.4427899569e-001
4.9455047353e-001 -1.7728939809e-001 8.5087501929e-001
1.7437777774e-001 9.7930877825e-001 1.0269716386e-001
-8.5147649396e-001 9.7584763982e-002 5.1523295127e-001
5.3130930238e+000 -1.6830751462e-001 1.2561030531e+000
1.5912174910e+003 1.2072096323e-001 -1.9378689916e-001
3.2216896861e-001 -1.8495258104e-001 9.2843938867e-001
1.7491368188e-001 9.7547373772e-001 1.3362705908e-001
-9.3038291018e-001 1.1934626007e-001 3.4661810491e-001
5.8977851658e+000 -4.8523865084e-003 2.0664028020e-001
1.5990489714e+003 1.1043416130e-001 -1.9782329249e-001
3.9176078694e-002 -2.0307899573e-001 9.7837832987e-001
1.9860026419e-001 9.6117845576e-001 1.9155654843e-001
-9.7929728373e-001 1.8680176038e-001 7.7986745025e-002
6.3559521771e+000 3.8104335435e-001 -1.5099587720e+000
0 0 0
0 0 0
0 0 0
0 0 0
0 0 0
0 0 0
0 0 0
0 0 0
0 0 0
0 0 0
0 0 0
0 0 0
0 0 0
0 0 0
0 0 0
1.5665591314e+003 1.0067769547e-001 -1.5126853872e-001
5.5247463629e-001 1.7771558423e-001 -8.1436413685e-001
-1.8999328337e-001 9.7813697100e-001 8.4561328300e-002
8.1158753596e-001 1.0800572712e-001 5.7416063464e-001
-5.5191279445e+000 -7.8402513349e-002 8.4184931807e-001
1.5715326331e+003 9.9398257460e-002 -1.5025150692e-001
7.4139513188e-001 1.5950635341e-001 -6.5183662190e-001
-1.6578590719e-001 9.8476801464e-001 5.2411738310e-002
6.5026786127e-001 6.9207518062e-002 7.5654611759e-001
-4.6046213713e+000 -2.9054003958e-001 2.0921546099e+000
1.5742380686e+003 1.0119163860e-001 -1.6317781008e-001
8.5450273665e-001 1.3007151910e-001 -5.0289807414e-001
-1.3828466473e-001 9.9016702349e-001 2.1133317096e-002
5.0070193185e-001 5.1484614281e-002 8.6408732772e-001
-3.6819905614e+000 -4.8728854963e-001 2.8566694615e+000
1.5769373711e+003 9.5317882112e-002 -1.4073209106e-001
9.4281233823e-001 7.2018466811e-002 -3.2545081860e-001
-7.6401746803e-002 9.9707687617e-001 -6.9000174830e-004
3.2444979269e-001 2.5515553201e-002 9.4555871767e-001
-2.5833577010e+000 -6.7591752940e-001 3.4686777719e+000
1.5729887213e+003 8.9858707650e-002 -1.1350467954e-001
9.8523914794e-001 3.6038975120e-002 -1.6734698574e-001
-3.5424691230e-002 9.9935018721e-001 6.6554167382e-003
1.6747809592e-001 -6.2896181833e-004 9.8587559651e-001
-1.5680645526e+000 -6.8788991521e-001 3.8196862522e+000
1.5781642072e+003 1.0651312468e-001 -1.8892043429e-001
9.9958675857e-001 1.2978643412e-002 2.5648916274e-002
-1.2414126561e-002 9.9967984969e-001 -2.2047394142e-002
-2.5926850033e-002 2.1719874352e-002 9.9942785908e-001
-3.1838403337e-001 -8.1555368008e-001 3.9725140115e+000
1.5775918934e+003 1.2631034292e-001 -2.2855300309e-001
9.7674325690e-001 -2.2891640058e-002 2.1318673250e-001
2.3838094990e-002 9.9971408378e-001 -1.8697391125e-003
-2.1308297756e-001 6.9082206503e-003 9.7700968325e-001
8.8145286140e-001 -7.4949080902e-001 3.9355277011e+000
1.5843264285e+003 1.1307036232e-001 -2.1144791366e-001
8.9302375024e-001 -7.0505156787e-002 4.4445202708e-001
8.2621112000e-002 9.9654954792e-001 -7.9215144714e-003
-4.4235995904e-001 4.3795221269e-002 8.9576762904e-001
2.4246928028e+000 -7.5624918840e-001 3.4560823865e+000
5.0327390589e-001 -8.4941475377e-002 -6.4801893567e+000
120 106 79
8 15 125 9.4900 -481.5800 16 111 -4.9100 -515.7500 2 121 18.2100 -512.5699 14 113 5.4100 -532.2800 17 117 0.0100 -463.9700 13 119 -4.9200 -505.4800 12 147 -1.5600 -495.0100 11 230 -12.5300 -509.6400
1.2158225595e+001 8.9489609768e-001 -3.7282296166e+001
235 129 126
3 15 140 516.1100 35.6600 16 125 216.3500 22.7100 2 173 -484.6900 7.3300
1.3296680132e+001 8.1842214761e-001 -3.7650009837e+001
254 254 225
3 15 451 563.5200 31.2500 16 453 258.9700 21.0700 2 571 -439.9300 8.1700
1.3799290948e+001 7.6493946484e-001 -3.7258166120e+001
252 249 216
3 15 450 595.0900 27.6900 16 452 286.0400 18.6600 2 575 -410.0500 10.5100
1.3719978589e+001 1.2604952636e+000 -3.6826367436e+001
254 255 248
3 15 457 600.2500 52.3700 16 458 289.8400 40.9800 2 582 -407.8700 33.1600
5.4911185822e-001 1.1944881376e-001 -6.4187622235e+000
8 8 8
5 15 412 43.4400 -362.6801 16 410 30.8000 -391.7800 2 726 46.6500 -385.1000 17 430 33.8700 -340.1000 3 872 76.5800 -415.2100
1.3289481974e+001 4.2982975501e-001 -3.6877017404e+001
253 251 221
3 15 653 577.4301 13.0100 16 640 271.5800 2.5500 2 811 -422.9500 -7.4000
1.0559266229e+001 3.6633514329e+000 -3.8026229871e+001
252 254 253
4 15 742 431.9600 165.3400 16 727 134.4900 144.2000 2 858 -591.6800 129.1200 17 778 -239.5100 184.4199
1.0725074088e+001 3.5525664783e+000 -3.6859984605e+001
241 242 244
4 15 741 457.0800 164.7200 16 726 157.7900 143.5800 2 863 -562.5000 130.4600 17 777 -215.7300 184.4500
2.0182040344e-001 1.3492212243e+000 -5.8662212794e+000
250 222 174
4 15 1384 -212.9400 564.3900 16 1381 -177.6500 536.6200 2 1010 8.8900 512.2700 17 1380 -85.6200 570.7300
2.3612661071e-001 1.3864185743e+000 -5.8311839741e+000
182 154 109
5 15 2113 -186.6800 606.7700 16 1388 -144.4700 579.2700 2 1014 46.8600 551.6000 17 954 -47.3600 611.9800 4 1820 197.2700 560.4700
3.7850076738e-001 1.4716063086e+000 -5.6646898683e+000
106 94 75
9 15 601 -63.1300 745.1000 16 593 9.6300 711.7000 2 1027 230.6900 664.4700 14 546 -182.0700 684.6100 17 659 131.8800 734.6300 3 1210 325.3300 636.8700 13 855 -255.2100 708.9100 12 1058 -288.8300 719.5200 11 1664 -342.5300 691.0300
1.3014975404e+001 5.7508129659e-001 -3.6650418852e+001
249 117 119
3 15 1545 568.5601 19.6900 16 1538 263.5000 9.2200 2 1201 -431.6000 -1.6700
1.3014975404e+001 5.7508129659e-001 -3.6650418852e+001
249 117 119
3 15 1546 568.5601 19.6900 16 1539 263.5000 9.2200 2 1202 -431.6000 -1.6700
2.2177389453e+000 9.4333936232e-001 -9.9491348183e+000
159 154 134
2 15 1628 438.0200 85.0500 16 1605 229.0300 66.4800
2.2177389453e+000 9.4333936232e-001 -9.9491348183e+000
159 154 134
2 15 1629 438.0200 85.0500 16 1606 229.0300 66.4800
1.1297035796e+001 2.0460762334e+000 -3.8209758197e+001
255 252 237
4 15 1633 462.1100 89.4800 16 1615 164.7600 72.1000 2 1237 -548.6800 54.5800 17 1085 -204.9500 112.0500
1.1297035796e+001 2.0460762334e+000 -3.8209758197e+001
255 252 237
4 15 1634 462.1100 89.4800 16 1616 164.7600 72.1000 2 1238 -548.6800 54.5800 17 1086 -204.9500 112.0500
1.3036707301e+001 4.4588491069e+000 -3.6926382070e+001
250 248 224
4 15 1166 569.0699 207.1300 16 1176 255.9300 185.1000 2 1344 -459.8100 179.2300 17 1180 -119.9300 228.2300
1.2328502638e+001 4.6295768245e+000 -3.6912953609e+001
190 185 163
4 15 1798 535.3900 215.6400 16 1769 225.4200 193.1000 2 1348 -493.1300 185.9299 17 1740 -150.4600 235.8101
3.1715733443e+000 2.4209092390e+000 -1.2005270599e+001
33 9 6
4 15 1293 510.6700 362.7900 16 1962 256.3100 332.1000 2 1479 -309.6900 326.8500 3 1687 -498.6800 310.5901
3.2543946669e-001 1.3757525335e+000 -5.7867462564e+000
219 180 128
7 15 930 -110.8400 609.8800 16 910 -59.4700 579.5200 2 1593 130.8800 546.8700 14 1241 -199.7500 552.2600 17 951 41.3000 608.6200 3 1786 219.9000 522.3700 13 1314 -250.6500 577.5601
3.2518812169e-001 1.3758333820e+000 -5.7865358861e+000
219 180 128
6 15 931 -110.8400 609.8800 16 911 -59.4700 579.5200 2 1594 130.8800 546.8700 17 952 41.3000 608.6200 3 1787 219.9000 522.3700 4 1814 263.5900 553.0300
2.0452282648e-001 1.3908948199e+000 -5.8543454508e+000
206 174 123
6 15 2110 -212.9500 603.9000 16 1384 -174.4100 577.7000 2 1598 12.6700 552.3000 17 1384 -81.1500 611.6100 3 2533 108.0000 529.7000 5 1925 235.8400 527.9800
2.0452282648e-001 1.3908948199e+000 -5.8543454508e+000
206 174 123
6 15 2111 -212.9500 603.9000 16 1385 -174.4100 577.7000 2 1599 12.6700 552.3000 17 1385 -81.1500 611.6100 3 2534 108.0000 529.7000 5 1926 235.8400 527.9800
4.0782815335e-001 1.4644974018e+000 -5.6619813023e+000
160 148 122
8 15 1420 -34.3800 738.6100 16 926 37.5100 704.3600 2 1618 250.8000 655.0601 14 1267 -156.1300 679.7800 17 1402 156.7400 725.5200 3 1805 341.5600 626.6100 13 1333 -232.8800 705.4100 12 1560 -270.4900 716.6000
4.1468268632e-001 1.4717310880e+000 -5.6581922461e+000
109 98 72
7 15 943 -28.2400 747.0800 16 927 44.9600 712.2600 2 1621 256.9500 661.9200 14 1269 -150.5300 688.5701 17 1405 163.1700 733.1000 13 1335 -228.0700 714.0000 12 1564 -266.9700 724.9000
2.8666147862e-001 1.4762170164e+000 -5.6891223239e+000
110 100 75
8 15 1421 -150.5400 741.4100 16 1412 -82.2800 712.8700 2 1627 156.8100 672.3201 14 1946 -257.0300 676.5300 17 1408 45.0900 740.3700 3 2562 261.9000 647.0400 13 3092 -317.8900 698.4100 4 2622 321.1600 676.3000
5.8955993553e-002 1.5145705735e+000 -5.8684138929e+000
112 102 77
6 15 2141 -335.3100 711.6700 16 1407 -309.2700 692.5900 2 1631 -111.1800 677.1700 17 1407 -217.3300 734.7500 4 1239 78.2400 698.4299 5 1955 178.5400 663.6100
1.3369249694e+001 5.3082331784e-001 -3.6546813465e+001
238 118 112
3 15 1543 587.7700 17.5100 16 1535 280.6500 7.5400 2 1864 -413.4600 -1.8100
1.3427760140e+001 8.4905388742e-001 -3.6763297357e+001
248 243 214
3 15 1565 586.6700 32.3900 16 1556 279.1700 22.9600 2 1869 -417.0800 12.4400
1.3270300021e+001 8.5962108346e-001 -3.6718358771e+001
230 103 90
3 15 1567 579.9600 33.2800 16 1557 273.0900 22.6300 2 1870 -423.2300 12.6000
1.3270300021e+001 8.5962108346e-001 -3.6718358771e+001
230 103 90
3 15 1568 579.9600 33.2800 16 1558 273.0900 22.6300 2 1871 -423.2300 12.6000
1.3281149714e+001 1.0607855637e+000 -3.7602589110e+001
247 240 213
3 15 1053 564.1700 42.5000 16 1567 258.4000 31.1600 2 1882 -441.0600 20.0400
1.3700212396e+001 1.0636790313e+000 -3.7163179238e+001
145 125 109
3 15 1056 592.3900 42.7100 16 1566 283.4700 31.9800 2 1883 -414.2600 23.0900
2.3918000339e+000 1.2795828710e+000 -9.8731778344e+000
193 188 169
2 15 1738 493.2100 176.9900 16 1708 276.4700 152.3800
1.1796820965e+001 4.3321014239e+000 -3.7229841045e+001
249 234 211
4 15 2701 503.7000 199.8700 16 1743 198.0400 178.0601 2 1996 -522.3400 168.8900 17 2565 -176.8600 219.7500
1.1366342058e+001 4.3525328088e+000 -3.7344344566e+001
254 234 210
4 15 1769 481.4900 200.5000 16 2595 177.5100 178.1500 2 1997 -544.9500 168.3000 17 2573 -197.4400 219.9199
1.0484182040e+001 4.4269897081e+000 -3.7668676776e+001
247 234 206
4 15 1776 434.7100 202.7900 16 1746 135.0600 180.0400 2 2000 -594.1000 168.0700 17 1717 -241.2400 220.7900
1.2002705900e+001 4.3059635265e+000 -3.7073380413e+001
243 240 212
3 15 1766 516.3800 199.1500 16 1740 209.2000 177.6000 2 2002 -509.3700 169.0800
1.2019498517e+001 4.4780623280e+000 -3.7207292350e+001
192 174 150
3 15 1784 514.9399 207.0400 16 2617 207.9900 184.6000 2 2017 -512.1800 176.3500
1.2019498517e+001 4.4780623280e+000 -3.7207292350e+001
192 174 150
3 15 1785 514.9399 207.0400 16 2618 207.9900 184.6000 2 2018 -512.1800 176.3500
1.0421836378e+001 4.7746185608e+000 -3.7726267440e+001
193 183 162
4 15 1802 431.3000 218.9299 16 2646 131.1200 195.1300 2 2031 -600.7000 184.4099 17 1748 -245.6300 236.8800
1.2982548226e+001 4.5254316919e+000 -3.6233325598e+001
191 182 161
4 15 1795 579.4100 214.2300 16 1765 265.9200 192.2700 2 2033 -449.4900 186.3000 17 1739 -110.4400 234.9299
9.8316229414e+000 4.6169545311e+000 -3.1106664337e+001
197 180 153
3 15 1200 513.2300 255.3401 16 1816 207.8200 230.6000 2 2076 -504.5800 224.9800
2.8474867151e+000 2.2926286179e+000 -1.2045905682e+001
201 152 93
4 15 1927 442.8800 336.3900 16 1927 196.6700 307.2800 2 2167 -367.0700 301.7900 3 2372 -558.3400 283.6100
2.8935874053e-001 1.4690798286e+000 -5.6901910053e+000
174 162 140
7 15 3301 -147.6800 734.0699 16 2096 -79.5900 704.9000 2 2364 158.3100 664.6899 14 3001 -254.8200 669.5800 17 2110 47.4200 732.4600 3 3661 263.5200 639.5100 13 4594 -315.9200 692.3101
1.2488308817e+001 3.7718408314e+000 -3.6928875614e+001
184 182 159
4 15 2647 541.5900 174.4099 16 2542 233.0100 153.9900 2 2915 -480.7100 145.5200 17 2524 -140.6900 195.9500
1.0220114780e+001 4.7905203682e+000 -3.7900328801e+001
187 177 152
3 15 2752 419.9200 218.6500 16 2647 119.6400 195.1699 2 3002 -613.2600 183.9600
2.7199262541e+000 2.1049127493e+000 -1.2406617137e+001
204 148 96
3 15 2878 397.1500 287.8201 16 2783 153.0800 260.9299 2 3149 -414.8400 253.7900
2.8377345821e+000 2.4068691633e+000 -1.2073328024e+001
223 172 107
4 15 3036 439.9800 358.4700 16 2926 192.6700 327.4700 2 3262 -373.9500 323.1500 3 3419 -566.9200 305.7600
4.9926345425e-001 1.4690110372e+000 -5.6535670715e+000
103 96 77
8 15 1423 53.7500 743.9301 16 1410 124.2900 705.3000 2 3531 308.8000 650.2400 14 1271 -73.7200 691.0200 17 1401 231.3100 723.2100 13 1337 -158.4600 718.8101 12 2342 -208.8300 731.1899 11 2576 -285.5800 705.3900
6.1263892468e-001 6.6325263772e-001 -6.2714004132e+000
83 69 43
7 15 3523 97.2900 -15.0800 16 3390 87.2900 -40.8200 2 3861 99.7600 -38.7100 14 3176 75.9500 -61.5200 17 2274 90.6800 3.1600 3 4014 126.2900 -62.9200 13 3222 58.2000 -40.1900
2.1487205813e-001 1.1020574946e+000 -6.3210019902e+000
249 227 180
3 15 4373 -171.0100 287.8000 16 4211 -196.2100 257.1500 2 4454 -168.0000 234.8500
3.0794389645e+000 2.3819364721e+000 -1.2037104375e+001
249 199 138
3 15 4563 490.1300 354.2000 16 4421 237.8400 323.9099 2 4641 -327.7800 318.5100
3.1308339811e+000 2.5858535625e+000 -1.1858502207e+001
95 50 11
3 15 3122 513.8400 402.9600 16 4564 258.9000 370.2100 2 4745 -308.0000 364.6200
2.4589927126e-001 1.4620471484e+000 -5.7096983142e+000
198 184 153
5 15 4905 -187.0900 719.8300 16 4773 -123.4100 692.7900 2 4945 117.2900 657.6100 17 4578 4.1300 722.9700 3 5079 226.7000 633.0701
2.2905717284e-001 1.4693834788e+000 -5.7167669264e+000
102 90 64
6 15 4910 -202.4000 724.3101 16 4776 -139.7200 698.1100 2 4953 101.6900 664.0800 14 6631 -298.1500 657.8600 17 6611 -14.7000 729.9200 3 7164 211.3900 640.3000
1.6033716664e-001 1.4803891089e+000 -5.7629361868e+000
111 97 68
5 15 10015 -260.4000 718.2300 16 6822 -209.9000 694.8500 2 4956 25.3400 667.3700 17 4584 -92.0500 730.6600 3 5097 137.3500 645.8900
1.3082794709e+001 3.4343003374e+000 -3.6465263016e+001
245 252 253
4 15 3993 578.6600 159.2600 16 5561 266.9200 140.3200 2 5809 -442.4500 133.6200 17 5402 -106.5800 183.9099
1.0233316273e+001 3.8131134614e+000 -3.7722850558e+001
237 241 242
3 15 5799 421.3800 173.4299 16 5630 124.1700 152.0100 2 5827 -603.4000 137.5300
1.2801920573e+001 3.5701743058e+000 -3.6643906549e+001
196 205 207
3 15 4009 561.8400 164.6900 16 5603 251.3700 146.1900 2 5829 -459.4900 138.6500
3.0894773898e+000 2.4124874279e+000 -1.2060253256e+001
66 25 0
4 15 6469 490.7600 358.9700 16 6365 237.8300 328.9800 2 6481 -328.5000 323.3301 3 4812 -518.8500 306.9199
3.1309163410e+000 2.6149682985e+000 -1.1874503797e+001
251 229 177
4 15 4685 512.7600 407.9600 16 6517 257.7400 375.1700 2 6629 -309.7600 369.4399 3 6845 -498.7600 355.1400
3.1309163410e+000 2.6149682985e+000 -1.1874503797e+001
251 229 177
4 15 4686 512.7600 407.9600 16 6518 257.7400 375.1700 2 6630 -309.7600 369.4399 3 6846 -498.7600 355.1400
3.0752597429e-001 2.3014137388e-001 -6.2982387779e+000
124 106 81
3 15 7132 -115.7600 -306.8900 16 6985 -115.2900 -348.0800 2 7087 -33.4300 -365.1899
1.3100297385e+001 7.0109695996e-001 -3.6876316653e+001
255 238 215
3 15 7602 568.6100 25.9100 16 7483 263.1800 15.1500 2 7736 -432.9400 3.9100
3.1636860995e+000 2.2829843328e+000 -1.2023160210e+001
253 206 148
4 15 9092 507.1600 334.5500 16 8872 254.0500 305.4900 2 9105 -309.3300 299.8700 3 9225 -497.4000 282.5000
2.7834537293e+000 2.3163930135e+000 -1.2035958552e+001
198 154 90
4 15 9115 431.2500 341.7500 16 8908 185.2200 312.0601 2 9145 -378.0700 306.8600 3 9252 -570.5200 289.1699
3.2196952615e+000 2.2791544083e+000 -1.2029557224e+001
205 133 69
3 15 1922 517.9500 333.4199 16 1923 263.4200 304.3600 3 2368 -487.5800 281.4600
2.8163854094e+000 2.3191395328e+000 -1.2007807887e+001
243 193 137
3 15 2998 439.4700 343.4200 16 2902 192.9600 313.6200 3 3393 -561.2900 290.7700
2.7328244541e-001 1.3818998517e+000 -5.8098869052e+000
210 176 128
4 15 2114 -154.7500 608.9100 16 1389 -109.4500 580.0000 17 1383 -9.9700 611.4700 3 3617 176.6200 526.5800
5.9040043197e-001 1.1234958085e+000 -6.0423296482e+000
238 204 159
8 15 1270 101.3800 334.3900 16 1271 109.4600 303.6300 14 1103 50.5300 288.9299 17 2859 137.1900 336.6899 13 1184 16.4600 314.9700 12 1432 6.1000 326.6100 11 1041 -38.4000 314.6400 10 999 -56.8600 308.7100
4.6562963680e-001 1.7883067652e-001 -6.4127623790e+000
99 85 67
6 15 1437 -10.1100 -324.9000 16 2130 -22.6000 -357.9200 14 1299 -19.2200 -370.5800 13 873 -29.3200 -343.2100 12 1074 -22.5500 -329.9800 11 1125 -33.0500 -340.8600
4.7760579951e-001 5.2645202209e-001 -6.3440819763e+000
76 60 37
6 15 1461 1.8000 -103.5900 16 2180 -10.7900 -133.7400 14 1315 -11.2500 -147.7800 13 1401 -20.6100 -122.5000 12 1645 -9.7000 -110.6100 11 1768 -20.8200 -122.4200
4.7155933152e-001 8.1476534195e-001 -6.2790518353e+000
60 53 25
6 15 2498 1.5800 90.3000 16 3579 -10.3800 60.4800 14 2219 -16.1900 46.3700 13 1554 -24.8000 71.9100 12 1848 -10.4700 83.8300 11 2091 -22.1400 71.7700
4.4825248110e-001 6.3134764923e-001 -6.2974163516e+000
116 107 82
6 15 5162 -16.3000 -34.7600 16 5018 -25.6500 -65.3400 14 4866 -33.9300 -77.7800 13 3212 -44.6300 -51.9500 12 3865 -33.4900 -38.6900 11 4408 -45.0400 -49.5400
4.9842833595e-001 -2.1604592139e-001 -6.4670694513e+000
121 148 190
5 15 42 6.3200 -568.2800 16 40 -3.8700 -601.6700 14 33 -0.4900 -620.1801 13 39 -16.6800 -593.3199 12 38 -20.6100 -580.9301
4.5006289517e-001 -5.5288684566e-003 -6.4460393706e+000
87 81 55
5 15 188 -21.9800 -438.4700 16 165 -33.6500 -475.2100 14 117 -30.1200 -484.2600 13 122 -39.9000 -455.5200 12 149 -35.1000 -439.6000
5.8864914580e-001 1.1255435079e+000 -6.0400030551e+000
236 200 150
3 15 537 100.1000 336.5100 16 832 108.8100 304.6599 12 637 3.8700 328.9299
4.9093627284e-001 -1.0675454017e-001 -6.4943225190e+000
133 121 89
5 15 948 2.2000 -493.6200 16 932 -12.4600 -528.2700 14 835 -1.0400 -543.4700 13 551 -10.2200 -515.0000 12 706 -5.3600 -503.1000
5.5226290933e-001 1.4519140178e+000 -5.6600409193e+000
188 171 143
5 15 1415 102.8500 723.6600 16 2088 171.6000 684.0701 14 1265 -22.7100 673.0601 17 3158 267.5400 700.4600 12 1056 -166.4500 714.6600
4.8466643532e-001 1.4561972178e+000 -5.6544453510e+000
109 102 82
5 15 942 38.7100 732.3000 16 924 110.1300 694.5200 14 829 -87.1300 678.0400 13 1331 -171.2200 704.1000 12 1559 -219.9400 716.4700
4.8138430899e-001 8.1120487975e-001 -6.2857050854e+000
153 144 115
5 15 1631 8.1500 87.1800 16 2383 -4.6500 58.1500 14 1467 -8.7000 43.8600 13 1551 -17.3500 69.0900 12 1844 -2.7800 80.2400
4.5847201274e-001 7.8398345751e-001 -6.2725778165e+000
40 30 18
4 15 2466 -7.5400 69.6900 16 2361 -17.8500 39.4300 13 2283 -36.5500 51.4100 12 2763 -23.2300 63.6900
4.8528312424e-001 1.4716410674e+000 -5.6514077535e+000
103 93 68
4 15 2152 39.3300 748.4500 16 2097 111.4900 710.2200 13 2053 -170.8300 720.9399 12 3556 -219.4700 733.0300
4.8030217293e-001 8.3540605527e-002 -6.4453615342e+000
62 54 31
4 15 3335 -2.2400 -381.2700 16 4836 -15.7300 -414.9700 14 3059 -8.7200 -428.1899 12 3645 -12.0800 -389.2400
4.8602348693e-001 6.9203765868e-001 -6.3106586328e+000
150 136 107
5 15 2326 9.6800 6.1400 16 2285 -3.0500 -23.2900 14 3233 -5.8000 -37.4900 13 3246 -14.8700 -12.4300 12 3936 -1.6700 -1.9200
4.8503728662e-001 5.7337182373e-001 -6.3377296402e+000
170 155 124
4 15 5091 7.3600 -72.4700 16 7189 -5.8100 -102.9600 14 7055 -6.0300 -116.9000 12 5600 -3.6900 -80.4100
5.0195877511e-001 -8.3923075390e-002 -6.4785842873e+000
120 106 79
5 15 126 9.4900 -481.5800 16 112 -4.9100 -515.7500 14 114 5.4100 -532.2800 17 118 0.0100 -463.9700 13 120 -4.9200 -505.4800
5.6377447642e-001 7.9555750208e-002 -6.4365570629e+000
129 115 89
4 15 129 51.7900 -385.4600 16 113 37.6100 -415.3101 14 121 43.9700 -437.1000 13 125 31.8700 -413.3300
3.0562242673e-001 1.4710450420e+000 -5.6850974779e+000
125 117 98
5 15 406 -132.8700 737.5900 16 404 -63.1900 707.7500 14 384 -241.7900 674.0601 17 414 63.7100 734.3800 13 379 -305.6300 696.9200
4.7532326193e-001 5.0558861793e-001 -6.3463417188e+000
72 55 35
4 15 968 0.1200 -117.6700 16 1448 -12.3200 -148.3800 14 568 -13.0900 -161.1700 13 567 -22.0700 -135.0200
4.6809139524e-001 8.8813050578e-001 -6.2600954320e+000
45 36 27
5 15 724 0.3300 142.0700 16 1098 -11.3000 112.1900 14 653 -19.0600 97.9100 17 1621 -1.4600 148.4000 13 667 -28.0800 123.0000
5.6569339579e-001 -5.2616460157e-002 -6.4459448814e+000
9 8 5
4 15 604 51.2600 -468.7700 16 934 39.8900 -498.7300 14 391 42.0300 -521.2800 13 862 29.4400 -499.9200
4.7415230437e-001 7.0787308624e-001 -6.3053238291e+000
70 55 34
4 15 1037 1.9200 17.5100 16 1514 -10.6400 -13.0800 14 899 -13.7800 -26.9800 13 919 -22.5000 -1.0500
4.8457382987e-001 9.2690908399e-001 -6.2617546190e+000
148 138 111
4 15 1147 11.9400 168.8000 16 1123 -0.8700 139.6000 14 991 -6.5100 123.9600 13 1047 -15.1300 149.2500
4.9975542493e-001 1.4686103130e+000 -5.6533825539e+000
103 96 77
4 15 1422 53.7500 743.9301 16 1409 124.2900 705.3000 14 1270 -73.7200 691.0200 13 1336 -158.4600 718.8101
4.8609094693e-001 4.8484741708e-001 -6.3564274344e+000
145 132 101
5 15 3373 6.9100 -130.6900 16 3266 -6.4500 -160.3900 14 3099 -5.0000 -175.2000 17 3262 -0.4700 -118.6800 13 3171 -14.4600 -149.8500
4.8458698276e-001 6.2275688543e-001 -6.3280429377e+000
160 147 114
4 15 3460 7.3900 -40.1200 16 3352 -5.4600 -69.5400 14 3147 -5.9700 -84.0200 13 3208 -14.9100 -58.9100
4.8677089679e-001 6.3395288638e-001 -6.3239256608e+000
159 148 116
4 15 1498 9.4500 -32.3500 16 2247 -3.8100 -62.2500 14 2060 -5.0000 -76.4500 13 3211 -13.8700 -52.0500
2.4967717346e-001 1.1871892641e+000 -9.9687252557e+000
72 57 24
4 15 3987 -80.9800 156.0300 16 3734 -278.8500 125.1400 14 3638 102.9300 111.2500 13 3654 265.2300 134.1100
6.5426729390e-001 1.4715221467e+000 -5.7706611345e+000
247 216 178
4 15 6944 186.4100 696.4399 16 6783 224.0100 654.0800 14 6626 86.1000 651.6700 13 4588 15.9300 685.1899
5.0143032023e-001 1.4576852030e+000 -5.6565235790e+000
109 94 75
4 15 6981 54.8100 732.3400 16 6818 125.5800 693.4800 17 9510 231.9800 711.2300 13 6608 -156.9200 706.5701
4.4389721840e-001 6.5664995393e-001 -6.2944396909e+000
126 115 90
4 15 5190 -18.8000 -17.9400 16 5038 -28.7100 -48.7600 14 4891 -36.4100 -60.3400 13 7087 -46.9500 -34.2000
3.1312918658e-001 2.4022474881e-001 -6.3294515955e+000
19 22 15
3 15 194 -111.0300 -295.9399 16 172 -114.7100 -336.3500 14 189 -127.6800 -333.7300
4.4327905931e-001 1.7228393047e-001 -6.3927909097e+000
102 91 69
3 15 301 -24.8700 -332.2700 16 413 -34.2600 -365.9399 14 275 -35.9900 -376.7900
4.6821968245e-001 6.4448255990e-001 -6.3131954877e+000
75 62 45
3 15 442 -2.7400 -25.6300 16 436 -14.7400 -56.5000 14 283 -18.2100 -68.4900
4.7156066856e-001 6.0744440155e-001 -6.3213277583e+000
82 69 50
3 15 435 -1.1200 -50.2500 16 625 -13.0000 -80.8700 14 411 -15.8500 -93.8400
3.1924275941e-001 1.4565941444e+000 -5.6832539369e+000
201 187 158
3 15 600 -119.7000 723.8300 16 590 -49.5000 693.7000 14 826 -230.2400 661.6200
4.5068309048e-001 5.0615443476e-001 -6.3255261628e+000
102 90 68
4 15 969 -15.9700 -117.9000 16 1447 -25.5700 -149.4400 14 858 -31.8100 -161.1700 17 2197 -13.4100 -109.5500
4.5850835546e-001 8.2680802122e-001 -6.2697725540e+000
116 109 83
3 15 1642 -7.5200 98.9500 16 2406 -17.8900 69.4600 14 957 -25.4400 54.9700
5.6841524572e-001 1.4714763199e+000 -5.6580229496e+000
73 60 41
3 15 2150 119.1300 743.9301 16 1408 185.1100 701.6300 14 1272 -7.8600 693.6100
5.0511146613e-001 7.6517013353e-001 -6.2920135962e+000
119 105 78
3 15 1591 24.0700 55.8600 16 1561 10.7800 26.9900 14 1425 6.8500 11.4100
4.6570146098e-001 8.3595884966e-001 -6.2734077380e+000
65 57 34
3 15 1647 -1.8600 105.4400 16 2414 -14.0300 74.7800 14 1486 -20.2000 61.6300
4.2753082288e-001 2.0001420872e-001 -6.3770497886e+000
95 82 63
3 15 3348 -34.5600 -315.9399 16 4852 -43.0800 -351.1300 14 3065 -47.6100 -359.7300
-8.6307577649e-001 1.4502070553e-001 -1.0307238836e+001
159 179 168
3 15 3394 -363.3200 -108.9900 16 2156 -581.0000 -163.0400 14 3118 -167.2200 -140.7500
4.3850691889e-001 6.3108750898e-001 -6.2880023291e+000
108 100 79
3 15 3473 -22.9400 -35.2100 16 5015 -30.9000 -66.2100 14 3151 -41.4800 -78.1400
1.9155899467e+000 1.8108571221e+000 -1.6217494024e+001
198 193 187
3 15 4032 155.5300 171.4000 16 3809 -95.8500 146.3600 14 3694 413.8101 126.1500
-6.7288861354e-001 1.4213234804e+000 -9.1408787554e+000
57 26 6
3 15 4269 -375.0100 253.6200 16 2702 -580.4800 221.9399 14 3959 -193.3500 206.7500
4.1011189822e-001 -6.4071845330e-002 -6.4146966071e+000
99 92 73
3 15 3320 -49.0800 -482.7100 16 4817 -54.8200 -521.5200 14 4694 -59.9500 -527.3900
-8.2596875322e-001 1.9926090360e-001 -1.0295838308e+001
175 191 199
3 15 3400 -354.3800 -95.5600 16 3275 -571.0300 -148.1100 14 4804 -158.6800 -128.4900
-9.9324214282e-001 3.2197774438e-001 -1.0189808103e+001
42 43 44
3 15 5106 -402.9200 -65.9600 16 4941 -625.2200 -119.0600 14 4832 -204.6400 -98.3700
-9.9324214282e-001 3.2197774438e-001 -1.0189808103e+001
42 43 44
3 15 5107 -402.9200 -65.9600 16 4942 -625.2200 -119.0600 14 4833 -204.6400 -98.3700
4.4433420030e-001 1.1390756341e-001 -6.4095144126e+000
143 133 117
3 15 4975 -24.5800 -367.5000 16 6957 -34.9300 -402.4700 14 6857 -34.7300 -412.5699
4.0667105456e-001 2.0588451584e-001 -6.3562993146e+000
21 11 0
3 15 7129 -48.5900 -314.9800 16 4853 -54.2100 -351.1500 14 6911 -63.6400 -357.9500
-7.1229762524e-001 8.2551010649e-002 -1.0248492297e+001
64 49 8
2 15 61 -327.8500 -126.4400 16 57 -539.3600 -179.1600
-3.8046252993e-001 2.7649937177e-001 -1.0304299487e+001
165 186 208
2 15 64 -240.5800 -77.2600 16 41 -445.5900 -121.6000
5.1231212571e-001 9.3697523049e-003 -6.4591922083e+000
115 102 79
2 15 86 17.9000 -426.9700 16 78 2.9500 -458.2100
4.4948697143e-001 -3.6336594069e-003 -6.4372946605e+000
87 81 55
2 15 189 -21.9800 -438.4700 16 166 -33.6500 -475.2100
3.3172888470e-001 1.2848207262e-001 -6.3588129452e+000
17 17 19
2 15 191 -98.4700 -366.0601 16 169 -103.7000 -407.3000
3.2914548362e-001 1.4694608317e+000 -5.6764092232e+000
109 101 80
2 15 289 -110.6000 738.9000 16 254 -39.1700 708.3700
4.9389464999e-001 -1.5854332561e-001 -6.5040469990e+000
111 99 73
3 15 292 3.7700 -525.2400 16 406 -11.8700 -558.2200 17 421 -8.6800 -505.7300
4.1886961867e-001 1.0949484056e-001 -6.4273088240e+000
6 8 8
2 15 298 -40.7300 -367.6801 16 265 -53.6700 -403.4500
4.1886961867e-001 1.0949484056e-001 -6.4273088240e+000
6 8 8
2 15 299 -40.7300 -367.6801 16 266 -53.6700 -403.4500
4.9243645356e-001 1.7706549472e-001 -6.4183299784e+000
139 123 98
2 15 302 7.4600 -325.1500 16 267 -6.4500 -357.1600
2.1464950412e-001 1.4770293973e+000 -5.7268240508e+000
85 72 55
2 15 405 -214.9400 728.1100 16 403 -154.6900 702.8300
4.2868413286e-001 3.0611033607e-002 -6.4171967569e+000
15 14 12
2 15 408 -35.0200 -420.1100 16 407 -45.0100 -457.5200
4.2868413286e-001 3.0611033607e-002 -6.4171967569e+000
15 14 12
2 15 409 -35.0200 -420.1100 16 408 -45.0100 -457.5200
-8.4945788068e-001 2.2187259060e-001 -1.0296189919e+001
158 179 209
2 15 427 -360.2900 -89.7000 16 422 -577.9200 -142.3400
2.9055386951e+000 2.2761054097e+000 -1.2085277483e+001
220 184 130
2 15 535 452.0400 331.2100 16 831 204.2900 303.1599
5.4020928405e-001 -1.5209433171e-002 -6.4400710647e+000
130 119 89
2 15 607 36.0800 -445.8700 16 598 23.5300 -476.8900
1.3730947390e-001 1.4100873652e+000 -5.9351748513e+000
197 168 124
2 15 926 -260.5500 598.4000 16 587 -239.5900 572.7800
1.5196514179e-001 1.4767796149e+000 -5.7722819552e+000
202 186 153
3 15 940 -266.5300 712.0300 16 922 -219.1900 688.3000 17 657 -101.6400 723.9600
4.2157984833e-001 -6.1104378036e-002 -6.4210838100e+000
9 5 3
2 15 949 -40.4200 -478.9600 16 1419 -48.7600 -518.2500
5.7336902340e-001 -4.0661628547e-002 -6.4444095904e+000
131 121 95
2 15 951 56.9400 -461.7300 16 936 43.9900 -490.5400
4.1206205078e-001 2.2002733069e-001 -6.3518049088e+000
91 78 59
2 15 955 -44.2800 -306.6100 16 942 -50.6400 -341.6500
-8.3312188352e-001 1.0007691408e-001 -1.0267839221e+001
171 189 205
2 15 967 -357.8700 -120.8200 16 611 -573.5800 -176.0000
-8.3975912765e-001 1.7549156082e-001 -1.0301422390e+001
49 40 21
2 15 973 -357.6700 -101.3900 16 953 -574.6600 -154.4600
-9.3068816998e-001 3.1816952708e-001 -1.0243417008e+001
102 84 21
2 15 984 -383.7800 -66.6500 16 962 -604.2500 -117.9200
-1.0034535524e+000 3.5179798270e-001 -1.0185826176e+001
171 185 196
2 15 986 -405.9300 -58.4400 16 966 -628.5500 -111.0100
3.5010588840e-001 6.7378314075e-001 -6.2026897264e+000
62 49 32
2 15 1019 -84.4100 -6.6200 16 1499 -82.2300 -40.4300
4.8373448904e-001 7.4163322937e-001 -6.2956542785e+000
150 136 109
2 15 1052 9.0400 39.2900 16 1020 -3.5400 11.0600
3.0840038886e+000 2.2705509830e+000 -1.2336699077e+001
245 200 139
2 15 1258 471.0300 321.2000 16 1266 219.5700 292.7300
3.1858201029e+000 2.6278885729e+000 -1.1943441221e+001
243 222 154
2 15 1321 518.8500 407.2500 16 2008 262.9600 374.5100
3.2281152835e+000 2.6653259425e+000 -1.1882018880e+001
12 0 0
2 15 1328 531.9700 417.6700 16 1333 274.9200 384.3300
3.2281152835e+000 2.6653259425e+000 -1.1882018880e+001
12 0 0
2 15 1329 531.9700 417.6700 16 1334 274.9200 384.3300
3.2281152835e+000 2.6653259425e+000 -1.1882018880e+001
12 0 0
2 15 1330 531.9700 417.6700 16 1335 274.9200 384.3300
5.0796778589e-001 -1.4924001018e-001 -6.4878590016e+000
115 103 76
2 15 1429 13.2400 -521.8199 16 1417 -1.3400 -555.5000
4.0638592853e-001 2.6053114666e-001 -6.3560513603e+000
105 95 69
2 15 1443 -47.6800 -278.9500 16 944 -55.5000 -313.9700
3.1739054559e+000 1.0969883224e+000 -1.0489835964e+001
106 88 49
2 15 1657 632.0800 114.7800 16 1650 391.4800 100.9400
2.5190095017e-001 1.1086352115e+000 -6.3118805376e+000
227 200 147
2 15 1879 -146.3600 293.1200 16 1862 -169.4500 262.1000
2.7309619116e-001 1.1179202530e+000 -6.2994439476e+000
233 206 160
2 15 1887 -132.2800 300.0701 16 1872 -153.8500 270.3900
3.2098577475e+000 2.3676602105e+000 -1.1985041642e+001
173 117 54
2 15 1944 519.2900 352.9299 16 1945 265.0300 323.1200
2.9090929039e+000 2.4071080860e+000 -1.2034011328e+001
226 177 108
2 15 1950 456.6000 359.7000 16 1951 207.8000 329.3800
3.1402525447e+000 2.6982173444e+000 -1.1810294292e+001
255 235 179
2 15 2021 519.5800 428.2900 16 2024 264.1500 394.3300
5.1103381710e-001 1.4582099063e+000 -5.6546059330e+000
116 106 85
2 15 2148 63.9300 733.0500 16 2094 134.5800 694.1200
4.8434679459e-001 -2.0406784758e-001 -6.5029141916e+000
124 150 179
2 15 2158 -2.2700 -552.3800 16 1413 -17.1700 -589.5000
4.0656576047e-001 -1.2981231440e-001 -6.4280503230e+000
102 95 76
3 15 2163 -51.4400 -522.5100 16 2106 -57.1800 -562.7200 17 2120 -39.0700 -515.4100
4.3574191011e-001 1.0012008396e-001 -6.3944828034e+000
109 93 77
2 15 2176 -29.7500 -378.8199 16 2119 -38.6400 -414.8600
3.3825647221e-001 4.5292401825e-001 -6.2359417273e+000
86 86 76
2 15 2210 -94.0100 -160.9700 16 2145 -90.8900 -196.3500
3.3155550820e-001 4.6188040092e-001 -6.2348634017e+000
132 123 98
2 15 2211 -98.6400 -154.4400 16 1432 -95.6200 -190.6200
4.8562693401e-001 5.0142823264e-001 -6.3490936202e+000
148 133 102
2 15 2220 7.1200 -119.8600 16 2161 -6.1600 -149.9900
-9.2133653314e-001 1.9032080735e-001 -1.0233089860e+001
161 174 197
2 15 2234 -382.2500 -99.2600 16 1445 -601.1800 -153.0200
-1.0008865998e+000 3.8319131385e-001 -1.0181384580e+001
65 42 16
2 15 2262 -405.4500 -50.4000 16 1461 -628.2000 -102.4400
2.6648885563e-001 1.1792348372e+000 -1.0055967273e+001
213 211 194
2 15 2600 -76.8300 151.7900 16 2495 -274.5600 121.1900
3.0927341478e+000 2.2458166797e+000 -1.2403296476e+001
57 18 3
2 15 2943 468.4700 314.1300 16 2849 216.9400 286.1200
6.4999660951e-001 1.1434085555e+000 -6.0830982034e+000
200 175 139
2 15 2995 143.7200 342.7700 16 4400 143.4000 311.8900
2.8636126136e+000 2.3336847441e+000 -1.1978803726e+001
106 61 28
2 15 3004 450.6300 347.4399 16 2906 203.4100 317.4600
3.2512255959e+000 2.4085084353e+000 -1.1994802555e+001
97 50 21
2 15 3039 527.0400 360.7700 16 4441 271.5700 330.2400
2.7984505063e+000 2.4381235530e+000 -1.2145542033e+001
216 167 108
2 15 3040 428.3199 361.2600 16 1960 180.9200 331.6100
3.2203758073e+000 2.4318429505e+000 -1.2021565465e+001
230 179 122
2 15 3055 519.1500 364.5000 16 2940 264.1100 333.6100
6.4957734036e-001 1.1712820730e+000 -6.0780960712e+000
206 177 143
2 15 3056 144.2300 364.4299 16 4451 143.8500 334.0400
3.1892202737e+000 2.7440129106e+000 -1.1883143627e+001
39 15 0
2 15 3164 524.4800 433.6000 16 3057 267.6000 399.8101
3.1892202737e+000 2.7440129106e+000 -1.1883143627e+001
39 15 0
2 15 3165 524.4800 433.6000 16 3058 267.6000 399.8101
4.3475784113e-001 -1.4968024705e-001 -6.4459481213e+000
80 77 59
2 15 3315 -32.7700 -531.4700 16 4808 -42.0600 -570.0200
3.1744884368e-001 2.1313757045e-001 -6.2825656968e+000
145 131 105
2 15 3347 -109.3800 -320.5000 16 2129 -106.8600 -362.4500
4.0926079652e-001 3.5001386938e-001 -6.3287862652e+000
154 143 113
2 15 3355 -45.0300 -222.3101 16 3237 -51.5900 -256.5300
4.0876987933e-001 3.6337411847e-001 -6.3224315593e+000
163 149 120
2 15 3356 -45.2400 -213.7100 16 3239 -51.3300 -248.4100
-6.6487804400e-001 -4.3763580449e-002 -1.0314883783e+001
69 61 41
2 15 3361 -313.1300 -156.3100 16 3240 -523.1400 -210.3101
4.3904374852e-001 4.6902098541e-001 -6.3194033399e+000
60 49 27
2 15 3367 -23.9400 -143.5600 16 4903 -32.3400 -175.0800
-8.6290556384e-001 1.2394749027e-001 -1.0307536287e+001
49 61 55
2 15 3387 -363.4100 -114.2200 16 3257 -580.7900 -168.4100
-8.6290556384e-001 1.2394749027e-001 -1.0307536287e+001
49 61 55
2 15 3388 -363.4100 -114.2200 16 3259 -580.7900 -168.4100
4.7774478360e-001 5.1466136235e-001 -6.3474525520e+000
84 68 45
2 15 3391 2.0200 -111.2100 16 3279 -11.2800 -141.3800
-8.3397436673e-001 1.4927290078e-001 -1.0294909268e+001
178 178 180
2 15 3395 -356.5900 -108.0900 16 2158 -573.0900 -161.6600
-8.3298809940e-001 4.1594278333e-001 -1.0048976709e+001
71 65 32
2 15 3455 -368.6300 -44.6600 16 2215 -584.0900 -93.2800
4.8284375737e-001 6.4646196034e-001 -6.3184949711e+000
143 131 104
2 15 3499 7.1400 -24.2200 16 3371 -5.9100 -54.0000
5.1132611471e-001 8.1354775930e-001 -6.2721438365e+000
88 74 47
2 15 3807 29.2100 88.9700 16 2387 17.2700 60.6700
-6.5420919841e-001 9.3051400876e-001 -1.0125673149e+001
72 59 55
2 15 3809 -316.4500 89.1800 16 3565 -531.8900 51.0800
1.1736365080e+001 2.9967206034e+000 -3.7174856790e+001
253 251 216
3 15 3936 500.4800 136.4100 16 3708 197.0800 117.5800 17 3682 -174.0500 158.7400
1.8751648326e-001 1.1681068592e+000 -1.0099872918e+001
180 158 89
2 15 3967 -97.0900 148.1400 16 3709 -296.4100 117.5200
1.9445449481e+000 1.7433092993e+000 -1.6227781340e+001
66 56 44
3 15 3999 158.9400 162.6000 16 5547 -92.2000 136.9200 17 5353 -427.2200 171.2900
2.5464826628e-001 1.2228812038e+000 -1.0030777728e+001
57 48 32
3 15 4008 -79.3900 163.9100 16 2512 -278.7400 133.6700 17 2464 -541.9500 160.9600
1.1529661430e+001 4.1808098615e+000 -3.7023197863e+001
210 199 178
3 15 4093 494.3700 193.4900 16 3906 189.4100 172.2200 17 3835 -184.8600 213.8600
1.0302861232e+001 4.7477905280e+000 -3.7786268682e+001
250 245 220
3 15 4162 425.0800 217.1599 16 3985 125.1000 193.9399 17 3886 -252.1800 235.0901
5.5570092405e-001 1.0896733317e+000 -6.0484370332e+000
235 211 171
2 15 4425 73.7900 307.1599 16 4288 83.4500 277.0500
3.1125699497e+000 2.2309758160e+000 -1.2348897753e+001
73 31 5
2 15 4444 475.5100 313.0400 16 6193 223.8300 285.1699
3.1125699497e+000 2.2309758160e+000 -1.2348897753e+001
73 31 5
2 15 4445 475.5100 313.0400 16 6194 223.8300 285.1699
3.1540481395e+000 2.2380251359e+000 -1.2221290047e+001
250 202 153
2 15 4462 491.6300 318.7000 16 6221 239.3000 290.5100
-9.5566956382e-001 2.9323702388e+000 -1.4318621486e+001
40 21 1
2 15 4632 -248.6300 379.0000 16 2986 -516.1400 355.7600
3.1267588217e+000 2.5160948056e+000 -1.1844872884e+001
74 29 2
2 15 4653 513.3600 389.2700 16 4530 259.7100 357.4100
3.3022951861e+000 2.5261564217e+000 -1.1557711879e+001
36 43 46
2 15 4678 571.4900 404.3201 16 4568 313.9800 371.6500
3.3022951861e+000 2.5261564217e+000 -1.1557711879e+001
36 43 46
2 15 4679 571.4900 404.3201 16 4569 313.9800 371.6500
3.2531027324e+000 2.6061940955e+000 -1.1766191732e+001
245 205 149
2 15 4692 545.3500 410.9399 16 6525 288.2900 378.2200
3.2053669496e+000 2.6484554160e+000 -1.1865162340e+001
33 9 1
2 15 4697 528.5200 415.0800 16 4590 272.1000 381.9600
3.2652621961e+000 2.6951693516e+000 -1.1772987268e+001
247 203 139
2 15 4717 547.8101 429.0500 16 4622 289.7400 395.1500
2.8794522453e+000 2.5512893838e+000 -1.0528950406e+001
156 142 115
2 15 4770 565.8700 470.2800 16 4687 319.4600 434.1500
5.3188521297e-002 1.5016144834e+000 -5.8877901187e+000
210 196 161
2 15 4888 -337.7700 693.5701 16 4765 -314.2200 674.0500
5.1856809268e-001 1.4642817539e+000 -5.7304713187e+000
152 121 75
2 15 4896 66.3300 707.7700 16 4757 120.6000 669.7700
4.8968117645e-001 1.4528552763e+000 -5.6622800043e+000
205 187 156
2 15 4912 42.9100 724.8900 16 6808 113.1200 687.3600
3.6020362808e-001 1.4601548998e+000 -5.6723347157e+000
98 86 63
3 15 4914 -81.0500 730.7600 16 3183 -9.1300 698.7400 17 3174 114.3400 722.7500
4.8639972117e-001 -1.8999460297e-001 -6.5037190373e+000
120 113 89
2 15 4943 -0.8800 -543.2900 16 4807 -16.2000 -580.1700
4.1413717929e-001 -6.4033328813e-002 -6.4082083981e+000
12 5 1
2 15 4950 -45.3400 -484.2800 16 6905 -52.0200 -522.7800
4.2317705021e-001 3.2030036901e-001 -6.3401334771e+000
120 107 88
2 15 5008 -35.9700 -241.0500 16 4871 -43.3000 -274.8400
4.5156194018e-001 3.4620486784e-001 -6.3600562433e+000
112 100 76
2 15 5012 -16.9900 -221.9000 16 4875 -27.5500 -253.8300
-6.9437288045e-001 3.4201040355e-002 -1.0268600634e+001
171 181 171
2 15 5036 -322.4800 -138.2900 16 3250 -533.3300 -191.1700
4.8541681995e-001 5.3455849175e-001 -6.3389477983e+000
157 141 114
2 15 5062 7.4800 -98.2300 16 4936 -5.3800 -128.6100
-8.1963443331e-001 3.4373819455e-001 -1.0125608088e+001
179 178 171
2 15 5116 -361.1400 -62.1800 16 3312 -576.5700 -112.0400
4.7987631401e-001 6.0528939543e-001 -6.3271628316e+000
75 60 37
2 15 5138 4.6200 -51.4100 16 4990 -8.4500 -81.7700
-6.5638332487e-001 9.4998643254e-001 -1.0130184344e+001
62 51 45
2 15 5508 -316.7700 94.5600 16 3570 -532.5300 56.0400
1.9623360458e+000 1.7938960828e+000 -1.6308424081e+001
54 47 41
2 15 5773 159.9900 168.0500 16 5576 -91.6600 143.0600
8.6056727612e+000 4.2138491856e+000 -3.1209430820e+001
252 246 207
3 15 5978 438.7500 231.6200 16 5844 141.4100 207.7200 17 5684 -229.6500 249.2100
2.6918632030e-001 1.0870615350e+000 -6.3060629153e+000
59 39 6
2 15 6175 -134.8700 278.4600 16 6016 -156.5400 247.6000
2.6145073304e-001 1.0949263290e+000 -6.3029753933e+000
254 233 181
3 15 6213 -140.2600 284.2100 16 6045 -161.8600 253.7100 17 8394 -155.3300 286.4000
3.1008454606e+000 2.1546161348e+000 -1.2293916521e+001
245 180 123
2 15 6280 476.3300 300.4000 16 6146 225.5700 272.7700
4.1060914180e-001 1.0946049684e+000 -6.0202410623e+000
138 106 67
2 15 6317 -37.5700 316.5300 16 6200 -20.3000 286.4000
3.1128001752e+000 2.3040184466e+000 -1.2398451532e+001
252 225 177
2 15 6338 472.8500 325.3101 16 6244 220.5000 296.8101
3.1406297046e+000 2.3551715147e+000 -1.2143614395e+001
94 55 18
2 15 6408 494.7400 344.5300 16 8921 241.8100 314.9199
3.1350740452e+000 2.4982472635e+000 -1.1843683104e+001
218 170 124
2 15 6545 515.0300 385.5500 16 9093 261.3600 354.0800
3.1732556046e+000 2.6596993082e+000 -1.1989975671e+001
45 9 0
2 15 6607 513.2400 411.5000 16 6526 257.3100 378.5701
3.2377930472e+000 2.6378857472e+000 -1.1827753973e+001
53 20 0
2 15 6620 537.7800 414.7100 16 6535 280.7700 381.4299
3.2909970675e+000 2.6204019329e+000 -1.1732610794e+001
