# Bundle file v0.3
18 2931
1.5598439697e+003 9.4144474063e-002 -9.4181382443e-002
6.6810654193e-002 1.8806948572e-001 -9.7988070959e-001
-1.8237838113e-001 9.6783142224e-001 1.7332185155e-001
9.8095589227e-001 1.6712931123e-001 9.8961258813e-002
-6.3937463003e+000 3.7390959919e-001 -2.2308901342e+000
1.5648887773e+003 1.0106630747e-001 -1.0268825053e-001
3.3964727611e-001 1.9710288648e-001 -9.1966851635e-001
-2.2478089510e-001 9.6647196603e-001 1.2411884656e-001
9.1329802202e-001 1.6456728415e-001 3.7256453395e-001
-6.0987768992e+000 2.2587995347e-001 -5.1331276212e-001
1.5829333087e+003 1.1706055045e-001 -1.9059594464e-001
7.7304148165e-001 -1.1600182390e-001 6.2365891680e-001
1.1402934162e-001 9.9253459411e-001 4.3271107449e-002
-6.2402257723e-001 3.7665054664e-002 7.8049802483e-001
3.6781487328e+000 -5.1208571204e-001 2.7860406169e+000
1.5906274253e+003 1.0943226825e-001 -1.3494936445e-001
6.6969778585e-001 -1.3957445966e-001 7.2939964755e-001
1.2871236714e-001 9.8913001789e-001 7.1098060807e-002
-7.3139455985e-001 4.6268541326e-002 6.8038314199e-001
4.4568677927e+000 -3.8066958476e-001 2.2245495821e+000
1.5909088394e+003 1.0423925564e-001 -1.4458961145e-001
4.9388171929e-001 -1.7757049326e-001 8.5120477400e-001
1.7434596289e-001 9.7926916922e-001 1.0312797601e-001
-8.5187107744e-001 9.7471093841e-002 5.1460183957e-001
5.3195692214e+000 -1.6024489594e-001 1.2299273337e+000
1.5910344492e+003 1.2048047202e-001 -1.9361516962e-001
3.2138500991e-001 -1.8524775974e-001 9.2865221849e-001
1.7485894791e-001 9.7542371727e-001 1.3406311990e-001
-9.3066429164e-001 1.1929727278e-001 3.4587878942e-001
5.9006588812e+000 3.0198977058e-003 1.7919142345e-001
1.5988593513e+003 1.1034523440e-001 -1.9818293643e-001
3.8263975933e-002 -2.0336682067e-001 9.7835464142e-001
1.9849882074e-001 9.6110727688e-001 1.9201828169e-001
-9.7935391270e-001 1.8685485968e-001 7.7143859792e-002
6.3527973406e+000 3.8928168818e-001 -1.5377376876e+000
0 0 0
0 0 0
0 0 0
0 0 0
0 0 0
0 0 0
0 0 0
0 0 0
0 0 0
0 0 0
0 0 0
0 0 0
0 0 0
0 0 0
0 0 0
1.5655888650e+003 1.1016165764e-001 -1.7641427491e-001
5.5282185833e-001 1.7774943971e-001 -8.1412107799e-001
-1.8992945254e-001 9.7814674160e-001 8.4591695552e-002
8.1136600619e-001 1.0786143231e-001 5.7450075319e-001
-5.5056008924e+000 -7.8325361375e-002 8.4644862753e-001
1.5704398697e+003 1.0158448544e-001 -1.6184015569e-001
7.4169262898e-001 1.5975271044e-001 -6.5143772966e-001
-1.6591600195e-001 9.8473687916e-001 5.2584780224e-002
6.4989531805e-001 6.9082199735e-002 7.5687761578e-001
-4.5882696061e+000 -2.8892139075e-001 2.0950290516e+000
1.5732906806e+003 1.0418367121e-001 -1.7524147721e-001
8.5473658866e-001 1.3026647982e-001 -5.0245000571e-001
-1.3837605511e-001 9.9015042090e-001 2.1312234852e-002
5.0027735445e-001 5.1310702766e-002 8.6434355462e-001
-3.6641335176e+000 -4.8504434862e-001 2.8560195185e+000
1.5763893980e+003 9.6721910748e-002 -1.4576879888e-001
9.4293626999e-001 7.2189039426e-002 -3.2505373913e-001
-7.6487873198e-002 9.9707041101e-001 -4.4803250748e-004
3.2406912224e-001 2.5285135282e-002 9.4569544037e-001
-2.5653172051e+000 -6.7228968081e-001 3.4637698905e+000
1.5725484526e+003 9.1103846291e-002 -1.1762992581e-001
9.8530748882e-001 3.6148022260e-002 -1.6692055882e-001
-3.5489538937e-002 9.9934604017e-001 6.9270940853e-003
1.6706180023e-001 -9.0138400645e-004 9.8594601394e-001
-1.5497899608e+000 -6.8361002739e-001 3.8116365984e+000
1.5777757863e+003 1.0764426732e-001 -1.9259166677e-001
9.9957398852e-001 1.3008958072e-002 2.6126776965e-002
-1.2441453335e-002 9.9968564296e-001 -2.1767533049e-002
-2.6401736753e-002 2.1433204753e-002 9.9942161575e-001
-3.0020134193e-001 -8.1056005227e-001 3.9610045080e+000
1.5772574548e+003 1.2678211068e-001 -2.2992508752e-001
9.7663212353e-001 -2.2934038698e-002 2.1369072313e-001
2.3819539786e-002 9.9971504223e-001 -1.5696715896e-003
-2.1359383139e-001 6.6230063792e-003 9.7690010287e-001
8.9865118675e-001 -7.4404714712e-001 3.9205865445e+000
1.5840745051e+003 1.1342715685e-001 -2.1254440697e-001
8.9275393183e-001 -7.0655377078e-002 4.4496992583e-001
8.2644907159e-002 9.9655028128e-001 -7.5733880320e-003
-4.4289980416e-001 4.3535670152e-002 8.9551348895e-001
2.4398564230e+000 -7.4941237534e-001 3.4369115243e+000
4.8826267066e-001 -9.0945484981e-002 -6.4772807497e+000
120 106 79
8 15 125 9.4900 -481.5800 16 111 -4.9100 -515.7500 2 121 18.2100 -512.5699 14 113 5.4100 -532.2800 17 117 0.0100 -463.9700 13 119 -4.9200 -505.4800 12 147 -1.5600 -495.0100 11 230 -12.5300 -509.6400
1.2171417318e+001 9.0131875991e-001 -3.7299574731e+001
235 129 126
3 15 140 516.1100 35.6600 16 125 216.3500 22.7100 2 173 -484.6900 7.3300
1.3310192288e+001 8.2486324630e-001 -3.7664046010e+001
254 254 225
3 15 451 563.5200 31.2500 16 453 258.9700 21.0700 2 571 -439.9300 8.1700
1.3812925884e+001 7.7120893654e-001 -3.7271022720e+001
252 249 216
3 15 450 595.0900 27.6900 16 452 286.0400 18.6600 2 575 -410.0500 10.5100
1.3733220299e+001 1.2671776875e+000 -3.6838534402e+001
254 255 248
3 15 457 600.2500 52.3700 16 458 289.8400 40.9800 2 582 -407.8700 33.1600
5.3420759593e-001 1.1416613957e-001 -6.4154839827e+000
8 8 8
5 15 412 43.4400 -362.6801 16 410 30.8000 -391.7800 2 726 46.6500 -385.1000 17 430 33.8700 -340.1000 3 872 76.5800 -415.2100
1.3303351238e+001 4.3558971764e-001 -3.6892272199e+001
253 251 221
3 15 653 577.4301 13.0100 16 640 271.5800 2.5500 2 811 -422.9500 -7.4000
1.0569492712e+001 3.6729666190e+000 -3.8040033856e+001
252 254 253
4 15 742 431.9600 165.3400 16 727 134.4900 144.2000 2 858 -591.6800 129.1200 17 778 -239.5100 184.4199
1.0735616661e+001 3.5619024710e+000 -3.6874880104e+001
241 242 244
4 15 741 457.0800 164.7200 16 726 157.7900 143.5800 2 863 -562.5000 130.4600 17 777 -215.7300 184.4500
1.8539913469e-001 1.3480889237e+000 -5.8609048118e+000
250 222 174
4 15 1384 -212.9400 564.3900 16 1381 -177.6500 536.6200 2 1010 8.8900 512.2700 17 1380 -85.6200 570.7300
2.1980776282e-001 1.3854064224e+000 -5.8257181948e+000
182 154 109
5 15 2113 -186.6800 606.7700 16 1388 -144.4700 579.2700 2 1014 46.8600 551.6000 17 954 -47.3600 611.9800 4 1820 197.2700 560.4700
3.6259001092e-001 1.4708475337e+000 -5.6585225339e+000
106 94 75
9 15 601 -63.1300 745.1000 16 593 9.6300 711.7000 2 1027 230.6900 664.4700 14 546 -182.0700 684.6100 17 659 131.8800 734.6300 3 1210 325.3300 636.8700 13 855 -255.2100 708.9100 12 1058 -288.8300 719.5200 11 1664 -342.5300 691.0300
1.3028675556e+001 5.8093799440e-001 -3.6666207972e+001
249 117 119
3 15 1545 568.5601 19.6900 16 1538 263.5000 9.2200 2 1201 -431.6000 -1.6700
1.3028675556e+001 5.8093799440e-001 -3.6666207972e+001
249 117 119
3 15 1546 568.5601 19.6900 16 1539 263.5000 9.2200 2 1202 -431.6000 -1.6700
2.2098586194e+000 9.4198414734e-001 -9.9550146321e+000
159 154 134
2 15 1628 438.0200 85.0500 16 1605 229.0300 66.4800
2.2098586194e+000 9.4198414734e-001 -9.9550146321e+000
159 154 134
2 15 1629 438.0200 85.0500 16 1606 229.0300 66.4800
1.1309197618e+001 2.0541175923e+000 -3.8226846952e+001
255 252 237
4 15 1633 462.1100 89.4800 16 1615 164.7600 72.1000 2 1237 -548.6800 54.5800 17 1085 -204.9500 112.0500
1.1309197618e+001 2.0541175923e+000 -3.8226846952e+001
255 252 237
4 15 1634 462.1100 89.4800 16 1616 164.7600 72.1000 2 1238 -548.6800 54.5800 17 1086 -204.9500 112.0500
1.3047239620e+001 4.4685055288e+000 -3.6933269516e+001
250 248 224
4 15 1166 569.0699 207.1300 16 1176 255.9300 185.1000 2 1344 -459.8100 179.2300 17 1180 -119.9300 228.2300
1.2338729648e+001 4.6395011638e+000 -3.6921133437e+001
190 185 163
4 15 1798 535.3900 215.6400 16 1769 225.4200 193.1000 2 1348 -493.1300 185.9299 17 1740 -150.4600 235.8101
3.1668838938e+000 2.4244963431e+000 -1.2014360883e+001
33 9 6
4 15 1293 510.6700 362.7900 16 1962 256.3100 332.1000 2 1479 -309.6900 326.8500 3 1687 -498.6800 310.5901
3.0940870309e-001 1.3746860761e+000 -5.7810732535e+000
219 180 128
7 15 930 -110.8400 609.8800 16 910 -59.4700 579.5200 2 1593 130.8800 546.8700 14 1241 -199.7500 552.2600 17 951 41.3000 608.6200 3 1786 219.9000 522.3700 13 1314 -250.6500 577.5601
3.0915526079e-001 1.3747685950e+000 -5.7808565712e+000
219 180 128
6 15 931 -110.8400 609.8800 16 911 -59.4700 579.5200 2 1594 130.8800 546.8700 17 952 41.3000 608.6200 3 1787 219.9000 522.3700 4 1814 263.5900 553.0300
1.8810494219e-001 1.3899056817e+000 -5.8489770808e+000
206 174 123
6 15 2110 -212.9500 603.9000 16 1384 -174.4100 577.7000 2 1598 12.6700 552.3000 17 1384 -81.1500 611.6100 3 2533 108.0000 529.7000 5 1925 235.8400 527.9800
1.8810494219e-001 1.3899056817e+000 -5.8489770808e+000
206 174 123
6 15 2111 -212.9500 603.9000 16 1385 -174.4100 577.7000 2 1599 12.6700 552.3000 17 1385 -81.1500 611.6100 3 2534 108.0000 529.7000 5 1926 235.8400 527.9800
3.9202306230e-001 1.4637080947e+000 -5.6558029041e+000
160 148 122
8 15 1420 -34.3800 738.6100 16 926 37.5100 704.3600 2 1618 250.8000 655.0601 14 1267 -156.1300 679.7800 17 1402 156.7400 725.5200 3 1805 341.5600 626.6100 13 1333 -232.8800 705.4100 12 1560 -270.4900 716.6000
3.9889876930e-001 1.4709673819e+000 -5.6519972474e+000
109 98 72
7 15 943 -28.2400 747.0800 16 927 44.9600 712.2600 2 1621 256.9500 661.9200 14 1269 -150.5300 688.5701 17 1405 163.1700 733.1000 13 1335 -228.0700 714.0000 12 1564 -266.9700 724.9000
2.7044051093e-001 1.4754782872e+000 -5.6831045375e+000
110 100 75
8 15 1421 -150.5400 741.4100 16 1412 -82.2800 712.8700 2 1627 156.8100 672.3201 14 1946 -257.0300 676.5300 17 1408 45.0900 740.3700 3 2562 261.9000 647.0400 13 3092 -317.8900 698.4100 4 2622 321.1600 676.3000
4.2034980463e-002 1.5140285946e+000 -5.8631644203e+000
112 102 77
6 15 2141 -335.3100 711.6700 16 1407 -309.2700 692.5900 2 1631 -111.1800 677.1700 17 1407 -217.3300 734.7500 4 1239 78.2400 698.4299 5 1955 178.5400 663.6100
1.3383075843e+001 5.3660340159e-001 -3.6561747115e+001
238 118 112
3 15 1543 587.7700 17.5100 16 1535 280.6500 7.5400 2 1864 -413.4600 -1.8100
1.3441317862e+001 8.5526896522e-001 -3.6777264073e+001
248 243 214
3 15 1565 586.6700 32.3900 16 1556 279.1700 22.9600 2 1869 -417.0800 12.4400
1.3283815261e+001 8.6583533225e-001 -3.6732746836e+001
230 103 90
3 15 1567 579.9600 33.2800 16 1557 273.0900 22.6300 2 1870 -423.2300 12.6000
1.3283815261e+001 8.6583533225e-001 -3.6732746836e+001
230 103 90
3 15 1568 579.9600 33.2800 16 1558 273.0900 22.6300 2 1871 -423.2300 12.6000
1.3294441009e+001 1.0674796879e+000 -3.7616078804e+001
247 240 213
3 15 1053 564.1700 42.5000 16 1567 258.4000 31.1600 2 1882 -441.0600 20.0400
1.3713584275e+001 1.0702455216e+000 -3.7175672055e+001
145 125 109
3 15 1056 592.3900 42.7100 16 1566 283.4700 31.9800 2 1883 -414.2600 23.0900
2.3842629948e+000 1.2792636636e+000 -9.8781977234e+000
193 188 169
2 15 1738 493.2100 176.9900 16 1708 276.4700 152.3800
1.1807123474e+001 4.3419552382e+000 -3.7239810820e+001
249 234 211
4 15 2701 503.7000 199.8700 16 1743 198.0400 178.0601 2 1996 -522.3400 168.8900 17 2565 -176.8600 219.7500
1.1376448096e+001 4.3624946734e+000 -3.7355135387e+001
254 234 210
4 15 1769 481.4900 200.5000 16 2595 177.5100 178.1500 2 1997 -544.9500 168.3000 17 2573 -197.4400 219.9199
1.0493684471e+001 4.4371649337e+000 -3.7680580088e+001
247 234 206
4 15 1776 434.7100 202.7900 16 1746 135.0600 180.0400 2 2000 -594.1000 168.0700 17 1717 -241.2400 220.7900
1.2012931865e+001 4.3156816107e+000 -3.7082511939e+001
243 240 212
3 15 1766 516.3800 199.1500 16 1740 209.2000 177.6000 2 2002 -509.3700 169.0800
1.2029556815e+001 4.4879151553e+000 -3.7215803762e+001
192 174 150
3 15 1784 514.9399 207.0400 16 2617 207.9900 184.6000 2 2017 -512.1800 176.3500
1.2029556815e+001 4.4879151553e+000 -3.7215803762e+001
192 174 150
3 15 1785 514.9399 207.0400 16 2618 207.9900 184.6000 2 2018 -512.1800 176.3500
1.0430960770e+001 4.7850412878e+000 -3.7737090079e+001
193 183 162
4 15 1802 431.3000 218.9299 16 2646 131.1200 195.1300 2 2031 -600.7000 184.4099 17 1748 -245.6300 236.8800
1.2993171967e+001 4.5350858639e+000 -3.6240887777e+001
191 182 161
4 15 1795 579.4100 214.2300 16 1765 265.9200 192.2700 2 2033 -449.4900 186.3000 17 1739 -110.4400 234.9299
9.8410077962e+000 4.6268682083e+000 -3.1123672961e+001
197 180 153
3 15 1200 513.2300 255.3401 16 1816 207.8200 230.6000 2 2076 -504.5800 224.9800
2.8419138533e+000 2.2958737176e+000 -1.2055462443e+001
201 152 93
4 15 1927 442.8800 336.3900 16 1927 196.6700 307.2800 2 2167 -367.0700 301.7900 3 2372 -558.3400 283.6100
2.7314881839e-001 1.4683154895e+000 -5.6841818672e+000
174 162 140
7 15 3301 -147.6800 734.0699 16 2096 -79.5900 704.9000 2 2364 158.3100 664.6899 14 3001 -254.8200 669.5800 17 2110 47.4200 732.4600 3 3661 263.5200 639.5100 13 4594 -315.9200 692.3101
1.2499366084e+001 3.7810915873e+000 -3.6938916991e+001
184 182 159
4 15 2647 541.5900 174.4099 16 2542 233.0100 153.9900 2 2915 -480.7100 145.5200 17 2524 -140.6900 195.9500
1.0228908235e+001 4.8009240572e+000 -3.7910617379e+001
187 177 152
3 15 2752 419.9200 218.6500 16 2647 119.6400 195.1699 2 3002 -613.2600 183.9600
2.7141700848e+000 2.1077141690e+000 -1.2417333996e+001
204 148 96
3 15 2878 397.1500 287.8201 16 2783 153.0800 260.9299 2 3149 -414.8400 253.7900
2.8321217697e+000 2.4104500040e+000 -1.2082877805e+001
223 172 107
4 15 3036 439.9800 358.4700 16 2926 192.6700 327.4700 2 3262 -373.9500 323.1500 3 3419 -566.9200 305.7600
4.8377558070e-001 1.4682368684e+000 -5.6473048104e+000
103 96 77
8 15 1423 53.7500 743.9301 16 1410 124.2900 705.3000 2 3531 308.8000 650.2400 14 1271 -73.7200 691.0200 17 1401 231.3100 723.2100 13 1337 -158.4600 718.8101 12 2342 -208.8300 731.1899 11 2576 -285.5800 705.3900
5.9788290926e-001 6.5984463006e-001 -6.2674123071e+000
83 69 43
7 15 3523 97.2900 -15.0800 16 3390 87.2900 -40.8200 2 3861 99.7600 -38.7100 14 3176 75.9500 -61.5200 17 2274 90.6800 3.1600 3 4014 126.2900 -62.9200 13 3222 58.2000 -40.1900
1.9871202393e-001 1.1001938630e+000 -6.3172235642e+000
249 227 180
3 15 4373 -171.0100 287.8000 16 4211 -196.2100 257.1500 2 4454 -168.0000 234.8500
3.0745101948e+000 2.3854287700e+000 -1.2046388044e+001
249 199 138
3 15 4563 490.1300 354.2000 16 4421 237.8400 323.9099 2 4641 -327.7800 318.5100
3.1259628509e+000 2.5898986664e+000 -1.1867194292e+001
95 50 11
3 15 3122 513.8400 402.9600 16 4564 258.9000 370.2100 2 4745 -308.0000 364.6200
2.2955197562e-001 1.4612673853e+000 -5.7037943492e+000
198 184 153
5 15 4905 -187.0900 719.8300 16 4773 -123.4100 692.7900 2 4945 117.2900 657.6100 17 4578 4.1300 722.9700 3 5079 226.7000 633.0701
2.1265046624e-001 1.4686297583e+000 -5.7108902262e+000
102 90 64
6 15 4910 -202.4000 724.3101 16 4776 -139.7200 698.1100 2 4953 101.6900 664.0800 14 6631 -298.1500 657.8600 17 6611 -14.7000 729.9200 3 7164 211.3900 640.3000
1.4371584451e-001 1.4796900715e+000 -5.7572607942e+000
111 97 68
5 15 10015 -260.4000 718.2300 16 6822 -209.9000 694.8500 2 4956 25.3400 667.3700 17 4584 -92.0500 730.6600 3 5097 137.3500 645.8900
1.3094342033e+001 3.4430915336e+000 -3.6474959254e+001
245 252 253
4 15 3993 578.6600 159.2600 16 5561 266.9200 140.3200 2 5809 -442.4500 133.6200 17 5402 -106.5800 183.9099
1.0242996398e+001 3.8227823351e+000 -3.7736291996e+001
237 241 242
3 15 5799 421.3800 173.4299 16 5630 124.1700 152.0100 2 5827 -603.4000 137.5300
1.2813039908e+001 3.5791057232e+000 -3.6653246659e+001
196 205 207
3 15 4009 561.8400 164.6900 16 5603 251.3700 146.1900 2 5829 -459.4900 138.6500
3.0845744261e+000 2.4160662825e+000 -1.2069549955e+001
66 25 0
4 15 6469 490.7600 358.9700 16 6365 237.8300 328.9800 2 6481 -328.5000 323.3301 3 4812 -518.8500 306.9199
3.1260441534e+000 2.6190953495e+000 -1.1883210944e+001
251 229 177
4 15 4685 512.7600 407.9600 16 6517 257.7400 375.1700 2 6629 -309.7600 369.4399 3 6845 -498.7600 355.1400
3.1260441534e+000 2.6190953495e+000 -1.1883210944e+001
251 229 177
4 15 4686 512.7600 407.9600 16 6518 257.7400 375.1700 2 6630 -309.7600 369.4399 3 6846 -498.7600 355.1400
2.9171166952e-001 2.2520497953e-001 -6.2946845437e+000
124 106 81
3 15 7132 -115.7600 -306.8900 16 6985 -115.2900 -348.0800 2 7087 -33.4300 -365.1899
1.3113904734e+001 7.0717300952e-001 -3.6891497794e+001
255 238 215
3 15 7602 568.6100 25.9100 16 7483 263.1800 15.1500 2 7736 -432.9400 3.9100
3.1590028491e+000 2.2861764267e+000 -1.2032385990e+001
253 206 148
4 15 9092 507.1600 334.5500 16 8872 254.0500 305.4900 2 9105 -309.3300 299.8700 3 9225 -497.4000 282.5000
2.7776903279e+000 2.3197086391e+000 -1.2045530828e+001
198 154 90
4 15 9115 431.2500 341.7500 16 8908 185.2200 312.0601 2 9145 -378.0700 306.8600 3 9252 -570.5200 289.1699
3.2151689867e+000 2.2823375193e+000 -1.2038739709e+001
205 133 69
3 15 1922 517.9500 333.4199 16 1923 263.4200 304.3600 3 2368 -487.5800 281.4600
2.8107030634e+000 2.3224584168e+000 -1.2017272771e+001
243 193 137
3 15 2998 439.4700 343.4200 16 2902 192.9600 313.6200 3 3393 -561.2900 290.7700
2.5708275855e-001 1.3808651494e+000 -5.8043263860e+000
210 176 128
4 15 2114 -154.7500 608.9100 16 1389 -109.4500 580.0000 17 1383 -9.9700 611.4700 3 3617 176.6200 526.5800
5.7543424943e-001 1.1216666373e+000 -6.0374448368e+000
238 204 159
8 15 1270 101.3800 334.3900 16 1271 109.4600 303.6300 14 1103 50.5300 288.9299 17 2859 137.1900 336.6899 13 1184 16.4600 314.9700 12 1432 6.1000 326.6100 11 1041 -38.4000 314.6400 10 999 -56.8600 308.7100
4.5043348449e-001 1.7372546461e-001 -6.4095686060e+000
99 85 67
6 15 1437 -10.1100 -324.9000 16 2130 -22.6000 -357.9200 14 1299 -19.2200 -370.5800 13 873 -29.3200 -343.2100 12 1074 -22.5500 -329.9800 11 1125 -33.0500 -340.8600
4.6240473215e-001 5.2256983139e-001 -6.3405203822e+000
76 60 37
6 15 1461 1.8000 -103.5900 16 2180 -10.7900 -133.7400 14 1315 -11.2500 -147.7800 13 1401 -20.6100 -122.5000 12 1645 -9.7000 -110.6100 11 1768 -20.8200 -122.4200
4.5629310548e-001 8.1190675931e-001 -6.2751629699e+000
60 53 25
6 15 2498 1.5800 90.3000 16 3579 -10.3800 60.4800 14 2219 -16.1900 46.3700 13 1554 -24.8000 71.9100 12 1848 -10.4700 83.8300 11 2091 -22.1400 71.7700
4.3291887273e-001 6.2783050561e-001 -6.2936636127e+000
116 107 82
6 15 5162 -16.3000 -34.7600 16 5018 -25.6500 -65.3400 14 4866 -33.9300 -77.7800 13 3212 -44.6300 -51.9500 12 3865 -33.4900 -38.6900 11 4408 -45.0400 -49.5400
4.8339193102e-001 -2.2251944370e-001 -6.4641738606e+000
121 148 190
5 15 42 6.3200 -568.2800 16 40 -3.8700 -601.6700 14 33 -0.4900 -620.1801 13 39 -16.6800 -593.3199 12 38 -20.6100 -580.9301
4.3483541096e-001 -1.1270203606e-002 -6.4430206694e+000
87 81 55
5 15 188 -21.9800 -438.4700 16 165 -33.6500 -475.2100 14 117 -30.1200 -484.2600 13 122 -39.9000 -455.5200 12 149 -35.1000 -439.6000
5.7367391600e-001 1.1237065018e+000 -6.0351222341e+000
236 200 150
3 15 537 100.1000 336.5100 16 832 108.8100 304.6599 12 637 3.8700 328.9299
4.7588118701e-001 -1.1283650360e-001 -6.4914882505e+000
133 121 89
5 15 948 2.2000 -493.6200 16 932 -12.4600 -528.2700 14 835 -1.0400 -543.4700 13 551 -10.2200 -515.0000 12 706 -5.3600 -503.1000
5.3696282532e-001 1.4510771577e+000 -5.6537908687e+000
188 171 143
5 15 1415 102.8500 723.6600 16 2088 171.6000 684.0701 14 1265 -22.7100 673.0601 17 3158 267.5400 700.4600 12 1056 -166.4500 714.6600
4.6912747747e-001 1.4553749435e+000 -5.6482155430e+000
109 102 82
5 15 942 38.7100 732.3000 16 924 110.1300 694.5200 14 829 -87.1300 678.0400 13 1331 -171.2200 704.1000 12 1559 -219.9400 716.4700
4.6615751283e-001 8.0833393551e-001 -6.2818243605e+000
153 144 115
5 15 1631 8.1500 87.1800 16 2383 -4.6500 58.1500 14 1467 -8.7000 43.8600 13 1551 -17.3500 69.0900 12 1844 -2.7800 80.2400
4.4315959836e-001 7.8101121373e-001 -6.2686687227e+000
40 30 18
4 15 2466 -7.5400 69.6900 16 2361 -17.8500 39.4300 13 2283 -36.5500 51.4100 12 2763 -23.2300 63.6900
4.6974252654e-001 1.4708757543e+000 -5.6451559419e+000
103 93 68
4 15 2152 39.3300 748.4500 16 2097 111.4900 710.2200 13 2053 -170.8300 720.9399 12 3556 -219.4700 733.0300
4.6517899365e-001 7.8111610840e-002 -6.4422992942e+000
62 54 31
4 15 3335 -2.2400 -381.2700 16 4836 -15.7300 -414.9700 14 3059 -8.7200 -428.1899 12 3645 -12.0800 -389.2400
4.7083036687e-001 6.8874453195e-001 -6.3069051610e+000
150 136 107
5 15 2326 9.6800 6.1400 16 2285 -3.0500 -23.2900 14 3233 -5.8000 -37.4900 13 3246 -14.8700 -12.4300 12 3936 -1.6700 -1.9200
4.6985984119e-001 5.6965669952e-001 -6.3341202337e+000
170 155 124
4 15 5091 7.3600 -72.4700 16 7189 -5.8100 -102.9600 14 7055 -6.0300 -116.9000 12 5600 -3.6900 -80.4100
4.8693432758e-001 -8.9921825467e-002 -6.4756663067e+000
120 106 79
5 15 126 9.4900 -481.5800 16 112 -4.9100 -515.7500 14 114 5.4100 -532.2800 17 118 0.0100 -463.9700 13 120 -4.9200 -505.4800
5.4894327437e-001 7.4122506735e-002 -6.4334092137e+000
129 115 89
4 15 129 51.7900 -385.4600 16 113 37.6100 -415.3101 14 121 43.9700 -437.1000 13 125 31.8700 -413.3300
2.8946842561e-001 1.4702831672e+000 -5.6790572313e+000
125 117 98
5 15 406 -132.8700 737.5900 16 404 -63.1900 707.7500 14 384 -241.7900 674.0601 17 414 63.7100 734.3800 13 379 -305.6300 696.9200
4.6011616988e-001 5.0163460721e-001 -6.3427602171e+000
72 55 35
4 15 968 0.1200 -117.6700 16 1448 -12.3200 -148.3800 14 568 -13.0900 -161.1700 13 567 -22.0700 -135.0200
4.5280222621e-001 8.8551747650e-001 -6.2560712551e+000
45 36 27
5 15 724 0.3300 142.0700 16 1098 -11.3000 112.1900 14 653 -19.0600 97.9100 17 1621 -1.4600 148.4000 13 667 -28.0800 123.0000
5.5087831349e-001 -5.8510687593e-002 -6.4428787116e+000
9 8 5
4 15 604 51.2600 -468.7700 16 934 39.8900 -498.7300 14 391 42.0300 -521.2800 13 862 29.4400 -499.9200
4.5891292960e-001 7.0463254737e-001 -6.3015241771e+000
70 55 34
4 15 1037 1.9200 17.5100 16 1514 -10.6400 -13.0800 14 899 -13.7800 -26.9800 13 919 -22.5000 -1.0500
4.6934197879e-001 9.2443703752e-001 -6.2577194645e+000
148 138 111
4 15 1147 11.9400 168.8000 16 1123 -0.8700 139.6000 14 991 -6.5100 123.9600 13 1047 -15.1300 149.2500
4.8426865010e-001 1.4678368935e+000 -5.6471515307e+000
103 96 77
4 15 1422 53.7500 743.9301 16 1409 124.2900 705.3000 14 1270 -73.7200 691.0200 13 1336 -158.4600 718.8101
4.7092891945e-001 4.8082447793e-001 -6.3528797160e+000
145 132 101
5 15 3373 6.9100 -130.6900 16 3266 -6.4500 -160.3900 14 3099 -5.0000 -175.2000 17 3262 -0.4700 -118.6800 13 3171 -14.4600 -149.8500
4.6939944963e-001 6.1921813980e-001 -6.3243495978e+000
160 147 114
4 15 3460 7.3900 -40.1200 16 3352 -5.4600 -69.5400 14 3147 -5.9700 -84.0200 13 3208 -14.9100 -58.9100
4.7158877324e-001 6.3045323585e-001 -6.3202132083e+000
159 148 116
4 15 1498 9.4500 -32.3500 16 2247 -3.8100 -62.2500 14 2060 -5.0000 -76.4500 13 3211 -13.8700 -52.0500
2.3536918860e-001 1.1866883800e+000 -9.9769428556e+000
72 57 24
4 15 3987 -80.9800 156.0300 16 3734 -278.8500 125.1400 14 3638 102.9300 111.2500 13 3654 265.2300 134.1100
6.3937464300e-001 1.4707892182e+000 -5.7647343723e+000
247 216 178
4 15 6944 186.4100 696.4399 16 6783 224.0100 654.0800 14 6626 86.1000 651.6700 13 4588 15.9300 685.1899
4.8595240678e-001 1.4568722192e+000 -5.6502957469e+000
109 94 75
4 15 6981 54.8100 732.3400 16 6818 125.5800 693.4800 17 9510 231.9800 711.2300 13 6608 -156.9200 706.5701
4.2854637803e-001 6.5322120655e-001 -6.2906349328e+000
126 115 90
4 15 5190 -18.8000 -17.9400 16 5038 -28.7100 -48.7600 14 4891 -36.4100 -60.3400 13 7087 -46.9500 -34.2000
2.9734748567e-001 2.3532264244e-001 -6.3259772285e+000
19 22 15
3 15 194 -111.0300 -295.9399 16 172 -114.7100 -336.3500 14 189 -127.6800 -333.7300
4.2799313017e-001 1.6716244371e-001 -6.3894993909e+000
102 91 69
3 15 301 -24.8700 -332.2700 16 413 -34.2600 -365.9399 14 275 -35.9900 -376.7900
4.5296471133e-001 6.4101650649e-001 -6.3094406999e+000
75 62 45
3 15 442 -2.7400 -25.6300 16 436 -14.7400 -56.5000 14 283 -18.2100 -68.4900
4.5632309137e-001 6.0384834662e-001 -6.3176134444e+000
82 69 50
3 15 435 -1.1200 -50.2500 16 625 -13.0000 -80.8700 14 411 -15.8500 -93.8400
3.0313882380e-001 1.4557823170e+000 -5.6772144385e+000
201 187 158
3 15 600 -119.7000 723.8300 16 590 -49.5000 693.7000 14 826 -230.2400 661.6200
4.3537703354e-001 5.0219870216e-001 -6.3218784590e+000
102 90 68
4 15 969 -15.9700 -117.9000 16 1447 -25.5700 -149.4400 14 858 -31.8100 -161.1700 17 2197 -13.4100 -109.5500
4.4319069226e-001 8.2397980584e-001 -6.2658052933e+000
116 109 83
3 15 1642 -7.5200 98.9500 16 2406 -17.8900 69.4600 14 957 -25.4400 54.9700
5.5317128674e-001 1.4707186452e+000 -5.6517728457e+000
73 60 41
3 15 2150 119.1300 743.9301 16 1408 185.1100 701.6300 14 1272 -7.8600 693.6100
4.8997356154e-001 7.6213074920e-001 -6.2881270067e+000
119 105 78
3 15 1591 24.0700 55.8600 16 1561 10.7800 26.9900 14 1425 6.8500 11.4100
4.5041081325e-001 8.3316451428e-001 -6.2694463150e+000
65 57 34
3 15 1647 -1.8600 105.4400 16 2414 -14.0300 74.7800 14 1486 -20.2000 61.6300
4.1218015894e-001 1.9498536722e-001 -6.3737021044e+000
95 82 63
3 15 3348 -34.5600 -315.9399 16 4852 -43.0800 -351.1300 14 3065 -47.6100 -359.7300
-8.8079091214e-001 1.4105019355e-001 -1.0315954303e+001
159 179 168
3 15 3394 -363.3200 -108.9900 16 2156 -581.0000 -163.0400 14 3118 -167.2200 -140.7500
4.2313428280e-001 6.2756525127e-001 -6.2841804159e+000
108 100 79
3 15 3473 -22.9400 -35.2100 16 5015 -30.9000 -66.2100 14 3151 -41.4800 -78.1400
1.9095350503e+000 1.8140763444e+000 -1.6241468531e+001
198 193 187
3 15 4032 155.5300 171.4000 16 3809 -95.8500 146.3600 14 3694 413.8101 126.1500
-6.9058342989e-001 1.4212005569e+000 -9.1455829852e+000
57 26 6
3 15 4269 -375.0100 253.6200 16 2702 -580.4800 221.9399 14 3959 -193.3500 206.7500
3.9472905653e-001 -7.0017713153e-002 -6.4115882130e+000
99 92 73
3 15 3320 -49.0800 -482.7100 16 4817 -54.8200 -521.5200 14 4694 -59.9500 -527.3900
-8.4357584447e-001 1.9546359389e-001 -1.0304504433e+001
175 191 199
3 15 3400 -354.3800 -95.5600 16 3275 -571.0300 -148.1100 14 4804 -158.6800 -128.4900
-1.0114013743e+000 3.1856151775e-001 -1.0197992262e+001
42 43 44
3 15 5106 -402.9200 -65.9600 16 4941 -625.2200 -119.0600 14 4832 -204.6400 -98.3700
-1.0114013743e+000 3.1856151775e-001 -1.0197992262e+001
42 43 44
3 15 5107 -402.9200 -65.9600 16 4942 -625.2200 -119.0600 14 4833 -204.6400 -98.3700
4.2906243690e-001 1.0858585145e-001 -6.4063010344e+000
143 133 117
3 15 4975 -24.5800 -367.5000 16 6957 -34.9300 -402.4700 14 6857 -34.7300 -412.5699
3.9123613780e-001 2.0086991606e-001 -6.3528898539e+000
21 11 0
3 15 7129 -48.5900 -314.9800 16 4853 -54.2100 -351.1500 14 6911 -63.6400 -357.9500
-7.2954037014e-001 7.8410321623e-002 -1.0256837935e+001
64 49 8
2 15 61 -327.8500 -126.4400 16 57 -539.3600 -179.1600
-3.9664331273e-001 2.7299444519e-001 -1.0312739691e+001
165 186 208
2 15 64 -240.5800 -77.2600 16 41 -445.5900 -121.6000
4.9730789139e-001 3.6998031849e-003 -6.4561404063e+000
115 102 79
2 15 86 17.9000 -426.9700 16 78 2.9500 -458.2100
4.3425040500e-001 -9.3569348925e-003 -6.4342075668e+000
87 81 55
2 15 189 -21.9800 -438.4700 16 166 -33.6500 -475.2100
3.1603205830e-001 1.2319965720e-001 -6.3554696530e+000
17 17 19
2 15 191 -98.4700 -366.0601 16 169 -103.7000 -407.3000
3.1307283965e-001 1.4686961525e+000 -5.6703415751e+000
109 101 80
2 15 289 -110.6000 738.9000 16 254 -39.1700 708.3700
4.7885519814e-001 -1.6479694368e-001 -6.5012399534e+000
111 99 73
3 15 292 3.7700 -525.2400 16 406 -11.8700 -558.2200 17 421 -8.6800 -505.7300
4.0351495801e-001 1.0416543203e-001 -6.4241595587e+000
6 8 8
2 15 298 -40.7300 -367.6801 16 265 -53.6700 -403.4500
4.0351495801e-001 1.0416543203e-001 -6.4241595587e+000
6 8 8
2 15 299 -40.7300 -367.6801 16 266 -53.6700 -403.4500
4.7733633991e-001 1.7197152411e-001 -6.4150923586e+000
139 123 98
2 15 302 7.4600 -325.1500 16 267 -6.4500 -357.1600
1.9819996578e-001 1.4762978635e+000 -5.7209671041e+000
85 72 55
2 15 405 -214.9400 728.1100 16 403 -154.6900 702.8300
4.1336301002e-001 2.5001618652e-002 -6.4140408255e+000
15 14 12
2 15 408 -35.0200 -420.1100 16 407 -45.0100 -457.5200
4.1336301002e-001 2.5001618652e-002 -6.4140408255e+000
15 14 12
2 15 409 -35.0200 -420.1100 16 408 -45.0100 -457.5200
-8.6709628528e-001 2.1820471966e-001 -1.0304568968e+001
158 179 209
2 15 427 -360.2900 -89.7000 16 422 -577.9200 -142.3400
2.9002393611e+000 2.2793728830e+000 -1.2095165085e+001
220 184 130
2 15 535 452.0400 331.2100 16 831 204.2900 303.1599
5.2529543192e-001 -2.0969737426e-002 -6.4369493576e+000
130 119 89
2 15 607 36.0800 -445.8700 16 598 23.5300 -476.8900
1.2069451582e-001 1.4091761325e+000 -5.9300757977e+000
197 168 124
2 15 926 -260.5500 598.4000 16 587 -239.5900 572.7800
1.3531759885e-001 1.4760622443e+000 -5.7666213702e+000
202 186 153
3 15 940 -266.5300 712.0300 16 922 -219.1900 688.3000 17 657 -101.6400 723.9600
4.0623936457e-001 -6.7034782291e-002 -6.4179803041e+000
9 5 3
2 15 949 -40.4200 -478.9600 16 1419 -48.7600 -518.2500
5.5857504423e-001 -4.6508024007e-002 -6.4412920950e+000
131 121 95
2 15 951 56.9400 -461.7300 16 936 43.9900 -490.5400
3.9664274789e-001 2.1506485647e-001 -6.3483667834e+000
91 78 59
2 15 955 -44.2800 -306.6100 16 942 -50.6400 -341.6500
-8.5073054276e-001 9.6002977688e-002 -1.0276241570e+001
171 189 205
2 15 967 -357.8700 -120.8200 16 611 -573.5800 -176.0000
-8.5736657012e-001 1.7167473533e-001 -1.0309849786e+001
49 40 21
2 15 973 -357.6700 -101.3900 16 953 -574.6600 -154.4600
-9.4860504379e-001 3.1479562129e-001 -1.0251617426e+001
102 84 21
2 15 984 -383.7800 -66.6500 16 962 -604.2500 -117.9200
-1.0216308993e+000 3.4851236442e-001 -1.0193897691e+001
171 185 196
2 15 986 -405.9300 -58.4400 16 966 -628.5500 -111.0100
3.3437562977e-001 6.7038842390e-001 -6.1986014646e+000
62 49 32
2 15 1019 -84.4100 -6.6200 16 1499 -82.2300 -40.4300
4.6852329339e-001 7.3851082877e-001 -6.2918006154e+000
150 136 109
2 15 1052 9.0400 39.2900 16 1020 -3.5400 11.0600
3.0792649694e+000 2.2738263963e+000 -1.2346928807e+001
245 200 139
2 15 1258 471.0300 321.2000 16 1266 219.5700 292.7300
3.1811621897e+000 2.6321015501e+000 -1.1952359863e+001
243 222 154
2 15 1321 518.8500 407.2500 16 2008 262.9600 374.5100
3.2235713043e+000 2.6696453468e+000 -1.1890777305e+001
12 0 0
2 15 1328 531.9700 417.6700 16 1333 274.9200 384.3300
3.2235713043e+000 2.6696453468e+000 -1.1890777305e+001
12 0 0
2 15 1329 531.9700 417.6700 16 1334 274.9200 384.3300
3.2235713043e+000 2.6696453468e+000 -1.1890777305e+001
12 0 0
2 15 1330 531.9700 417.6700 16 1335 274.9200 384.3300
4.9296727245e-001 -1.5545699951e-001 -6.4849610162e+000
115 103 76
2 15 1429 13.2400 -521.8199 16 1417 -1.3400 -555.5000
3.9094650396e-001 2.5571305973e-001 -6.3526129716e+000
105 95 69
2 15 1443 -47.6800 -278.9500 16 944 -55.5000 -313.9700
3.1687304649e+000 1.0962352051e+000 -1.0495463002e+001
106 88 49
2 15 1657 632.0800 114.7800 16 1650 391.4800 100.9400
2.3586623341e-001 1.1067963790e+000 -6.3080343818e+000
227 200 147
2 15 1879 -146.3600 293.1200 16 1862 -169.4500 262.1000
2.5712972948e-001 1.1161115387e+000 -6.2955463665e+000
233 206 160
2 15 1887 -132.2800 300.0701 16 1872 -153.8500 270.3900
3.2052649869e+000 2.3710927737e+000 -1.1994045634e+001
173 117 54
2 15 1944 519.2900 352.9299 16 1945 265.0300 323.1200
2.9037515952e+000 2.4107408630e+000 -1.2043650795e+001
226 177 108
2 15 1950 456.6000 359.7000 16 1951 207.8000 329.3800
3.1354423351e+000 2.7026325382e+000 -1.1818971329e+001
255 235 179
2 15 2021 519.5800 428.2900 16 2024 264.1500 394.3300
4.9558711798e-001 1.4574041594e+000 -5.6483757351e+000
116 106 85
2 15 2148 63.9300 733.0500 16 2094 134.5800 694.1200
4.6927205499e-001 -2.1047412810e-001 -6.5000993243e+000
124 150 179
2 15 2158 -2.2700 -552.3800 16 1413 -17.1700 -589.5000
3.9118080434e-001 -1.3599130424e-001 -6.4250369644e+000
102 95 76
3 15 2163 -51.4400 -522.5100 16 2106 -57.1800 -562.7200 17 2120 -39.0700 -515.4100
4.2043215391e-001 9.4748077684e-002 -6.3912218274e+000
109 93 77
2 15 2176 -29.7500 -378.8199 16 2119 -38.6400 -414.8600
3.2250881329e-001 4.4875296693e-001 -6.2320549993e+000
86 86 76
2 15 2210 -94.0100 -160.9700 16 2145 -90.8900 -196.3500
3.1578305651e-001 4.5774089481e-001 -6.2309716493e+000
132 123 98
2 15 2211 -98.6400 -154.4400 16 1432 -95.6200 -190.6200
4.7045736871e-001 4.9746390811e-001 -6.3455086945e+000
148 133 102
2 15 2220 7.1200 -119.8600 16 2161 -6.1600 -149.9900
-9.3923636055e-001 1.8652965001e-001 -1.0241360353e+001
161 174 197
2 15 2234 -382.2500 -99.2600 16 1445 -601.1800 -153.0200
-1.0190567193e+000 3.8000547614e-001 -1.0189420359e+001
65 42 16
2 15 2262 -405.4500 -50.4000 16 1461 -628.2000 -102.4400
2.5227318369e-001 1.1786768110e+000 -1.0063630377e+001
213 211 194
2 15 2600 -76.8300 151.7900 16 2495 -274.5600 121.1900
3.0880545597e+000 2.2490384056e+000 -1.2413715611e+001
57 18 3
2 15 2943 468.4700 314.1300 16 2849 216.9400 286.1200
6.3525154640e-001 1.1416383039e+000 -6.0782989865e+000
200 175 139
2 15 2995 143.7200 342.7700 16 4400 143.4000 311.8900
2.8581451022e+000 2.3371005607e+000 -1.1988430507e+001
106 61 28
2 15 3004 450.6300 347.4399 16 2906 203.4100 317.4600
3.2467458213e+000 2.4120587383e+000 -1.2003767172e+001
97 50 21
2 15 3039 527.0400 360.7700 16 4441 271.5700 330.2400
2.7928784513e+000 2.4419133092e+000 -1.2155698763e+001
216 167 108
2 15 3040 428.3199 361.2600 16 1960 180.9200 331.6100
3.2158236731e+000 2.4354733890e+000 -1.2030633028e+001
230 179 122
2 15 3055 519.1500 364.5000 16 2940 264.1100 333.6100
6.3482605332e-001 1.1696057587e+000 -6.0732681828e+000
206 177 143
2 15 3056 144.2300 364.4299 16 4451 143.8500 334.0400
3.1845798487e+000 2.7485808043e+000 -1.1891959318e+001
39 15 0
2 15 3164 524.4800 433.6000 16 3057 267.6000 399.8101
3.1845798487e+000 2.7485808043e+000 -1.1891959318e+001
39 15 0
2 15 3165 524.4800 433.6000 16 3058 267.6000 399.8101
4.1947935508e-001 -1.5591456753e-001 -6.4429540964e+000
80 77 59
2 15 3315 -32.7700 -531.4700 16 4808 -42.0600 -570.0200
3.0166119755e-001 2.0813111179e-001 -6.2789425288e+000
145 131 105
2 15 3347 -109.3800 -320.5000 16 2129 -106.8600 -362.4500
3.9381471685e-001 3.4550453558e-001 -6.3252211192e+000
154 143 113
2 15 3355 -45.0300 -222.3101 16 3237 -51.5900 -256.5300
3.9331844127e-001 3.5891031081e-001 -6.3188402608e+000
163 149 120
2 15 3356 -45.2400 -213.7100 16 3239 -51.3300 -248.4100
-6.8194233213e-001 -4.8300604546e-002 -1.0323513870e+001
69 61 41
2 15 3361 -313.1300 -156.3100 16 3240 -523.1400 -210.3101
4.2369459809e-001 4.6493195588e-001 -6.3157495800e+000
60 49 27
2 15 3367 -23.9400 -143.5600 16 4903 -32.3400 -175.0800
-8.8058455439e-001 1.1996497936e-001 -1.0316029883e+001
49 61 55
2 15 3387 -363.4100 -114.2200 16 3257 -580.7900 -168.4100
-8.8058455439e-001 1.1996497936e-001 -1.0316029883e+001
49 61 55
2 15 3388 -363.4100 -114.2200 16 3259 -580.7900 -168.4100
4.6254563117e-001 5.1074368808e-001 -6.3438598939e+000
84 68 45
2 15 3391 2.0200 -111.2100 16 3279 -11.2800 -141.3800
-8.5156853451e-001 1.4536854349e-001 -1.0303339983e+001
178 178 180
2 15 3395 -356.5900 -108.0900 16 2158 -573.0900 -161.6600
-8.5070226559e-001 4.1282418588e-001 -1.0056568672e+001
71 65 32
2 15 3455 -368.6300 -44.6600 16 2215 -584.0900 -93.2800
4.6764395437e-001 6.4300657198e-001 -6.3147539055e+000
143 131 104
2 15 3499 7.1400 -24.2200 16 3371 -5.9100 -54.0000
4.9619965508e-001 8.1067531954e-001 -6.2681741835e+000
88 74 47
2 15 3807 29.2100 88.9700 16 2387 17.2700 60.6700
-6.7132760705e-001 9.2907322081e-001 -1.0133194138e+001
72 59 55
2 15 3809 -316.4500 89.1800 16 3565 -531.8900 51.0800
1.1749604545e+001 3.0057646506e+000 -3.7193629055e+001
253 251 216
3 15 3936 500.4800 136.4100 16 3708 197.0800 117.5800 17 3682 -174.0500 158.7400
1.7305673102e-001 1.1675143990e+000 -1.0107626647e+001
180 158 89
2 15 3967 -97.0900 148.1400 16 3709 -296.4100 117.5200
1.9380162617e+000 1.7459764704e+000 -1.6247547395e+001
66 56 44
3 15 3999 158.9400 162.6000 16 5547 -92.2000 136.9200 17 5353 -427.2200 171.2900
2.4037857433e-001 1.2223880906e+000 -1.0037319040e+001
57 48 32
3 15 4008 -79.3900 163.9100 16 2512 -278.7400 133.6700 17 2464 -541.9500 160.9600
1.1540667602e+001 4.1907579054e+000 -3.7036239401e+001
210 199 178
3 15 4093 494.3700 193.4900 16 3906 189.4100 172.2200 17 3835 -184.8600 213.8600
1.0313333436e+001 4.7587491603e+000 -3.7801924197e+001
250 245 220
3 15 4162 425.0800 217.1599 16 3985 125.1000 193.9399 17 3886 -252.1800 235.0901
5.4061304620e-001 1.0877073717e+000 -6.0436009677e+000
235 211 171
2 15 4425 73.7900 307.1599 16 4288 83.4500 277.0500
3.1079133505e+000 2.2341320833e+000 -1.2359128516e+001
73 31 5
2 15 4444 475.5100 313.0400 16 6193 223.8300 285.1699
3.1079133505e+000 2.2341320833e+000 -1.2359128516e+001
73 31 5
2 15 4445 475.5100 313.0400 16 6194 223.8300 285.1699
3.1494278833e+000 2.2411523382e+000 -1.2231070719e+001
250 202 153
2 15 4462 491.6300 318.7000 16 6221 239.3000 290.5100
-9.7149895342e-001 2.9379926172e+000 -1.4335929446e+001
40 21 1
2 15 4632 -248.6300 379.0000 16 2986 -516.1400 355.7600
3.1218979185e+000 2.5199549034e+000 -1.1853621605e+001
74 29 2
2 15 4653 513.3600 389.2700 16 4530 259.7100 357.4100
3.2978936290e+000 2.5300098015e+000 -1.1565723315e+001
36 43 46
2 15 4678 571.4900 404.3201 16 4568 313.9800 371.6500
3.2978936290e+000 2.5300098015e+000 -1.1565723315e+001
36 43 46
2 15 4679 571.4900 404.3201 16 4569 313.9800 371.6500
3.2485979182e+000 2.6103151398e+000 -1.1774671332e+001
245 205 149
2 15 4692 545.3500 410.9399 16 6525 288.2900 378.2200
3.2007492622e+000 2.6527200618e+000 -1.1873895305e+001
33 9 1
2 15 4697 528.5200 415.0800 16 4590 272.1000 381.9600
3.2608227949e+000 2.6995770928e+000 -1.1781523006e+001
247 203 139
2 15 4717 547.8101 429.0500 16 4622 289.7400 395.1500
2.8736121882e+000 2.5551295299e+000 -1.0535029619e+001
156 142 115
2 15 4770 565.8700 470.2800 16 4687 319.4600 434.1500
3.6254270644e-002 1.5009958693e+000 -5.8825023204e+000
210 196 161
2 15 4888 -337.7700 693.5701 16 4765 -314.2200 674.0500
5.0318246715e-001 1.4635145171e+000 -5.7244817353e+000
152 121 75
2 15 4896 66.3300 707.7700 16 4757 120.6000 669.7700
4.7416372773e-001 1.4520318518e+000 -5.6560888858e+000
205 187 156
2 15 4912 42.9100 724.8900 16 6808 113.1200 687.3600
3.4423789873e-001 1.4593555340e+000 -5.6662371407e+000
98 86 63
3 15 4914 -81.0500 730.7600 16 3183 -9.1300 698.7400 17 3174 114.3400 722.7500
4.7133204823e-001 -1.9635091656e-001 -6.5009002639e+000
120 113 89
2 15 4943 -0.8800 -543.2900 16 4807 -16.2000 -580.1700
3.9876453901e-001 -6.9978226225e-002 -6.4050681290e+000
12 5 1
2 15 4950 -45.3400 -484.2800 16 6905 -52.0200 -522.7800
4.0778732616e-001 3.1568899094e-001 -6.3366123762e+000
120 107 88
2 15 5008 -35.9700 -241.0500 16 4871 -43.3000 -274.8400
4.3628186255e-001 3.4169119013e-001 -6.3565797957e+000
112 100 76
2 15 5012 -16.9900 -221.9000 16 4875 -27.5500 -253.8300
-7.1155083255e-001 2.9907371566e-002 -1.0277039703e+001
171 181 171
2 15 5036 -322.4800 -138.2900 16 3250 -533.3300 -191.1700
4.7024039525e-001 5.3070942839e-001 -6.3353166739e+000
157 141 114
2 15 5062 7.4800 -98.2300 16 4936 -5.3800 -128.6100
-8.3726772015e-001 3.4041042211e-001 -1.0133445015e+001
179 178 171
2 15 5116 -361.1400 -62.1800 16 3312 -576.5700 -112.0400
4.6467159139e-001 6.0168941375e-001 -6.3234673219e+000
75 60 37
2 15 5138 4.6200 -51.4100 16 4990 -8.4500 -81.7700
-6.7350605504e-001 9.4860896907e-001 -1.0137709048e+001
62 51 45
2 15 5508 -316.7700 94.5600 16 3570 -532.5300 56.0400
1.9566807025e+000 1.7972131001e+000 -1.6334044144e+001
54 47 41
2 15 5773 159.9900 168.0500 16 5576 -91.6600 143.0600
8.6146034277e+000 4.2237002126e+000 -3.1231194549e+001
252 246 207
3 15 5978 438.7500 231.6200 16 5844 141.4100 207.7200 17 5684 -229.6500 249.2100
2.5320954551e-001 1.0851473918e+000 -6.3021974463e+000
59 39 6
2 15 6175 -134.8700 278.4600 16 6016 -156.5400 247.6000
2.4544532149e-001 1.0930372152e+000 -6.2991041147e+000
254 233 181
3 15 6213 -140.2600 284.2100 16 6045 -161.8600 253.7100 17 8394 -155.3300 286.4000
3.0961502945e+000 2.1575383449e+000 -1.2304075079e+001
245 180 123
2 15 6280 476.3300 300.4000 16 6146 225.5700 272.7700
3.9499580369e-001 1.0926435303e+000 -6.0153835227e+000
138 106 67
2 15 6317 -37.5700 316.5300 16 6200 -20.3000 286.4000
3.1081535809e+000 2.3074004912e+000 -1.2408768638e+001
252 225 177
2 15 6338 472.8500 325.3101 16 6244 220.5000 296.8101
3.1359250899e+000 2.3586216977e+000 -1.2153146365e+001
94 55 18
2 15 6408 494.7400 344.5300 16 8921 241.8100 314.9199
3.1302345292e+000 2.5020519325e+000 -1.1852419901e+001
218 170 124
2 15 6545 515.0300 385.5500 16 9093 261.3600 354.0800
