# Bundle file v0.3
26 1570
0 0 0
0 0 0
0 0 0
0 0 0
0 0 0
0 0 0
0 0 0
0 0 0
0 0 0
0 0 0
-1.4156545982e+003 1.3999175791e-001 2.3110851136e-001
9.9437147297e-001 -1.0016452119e-002 -1.0547532620e-001
-4.0502481880e-003 9.9119971164e-001 -1.3231298931e-001
1.0587241964e-001 1.3199546333e-001 9.8558014815e-001
-4.6905544965e-001 1.9395681034e-001 -2.4838002343e+000
-1.4337095085e+003 1.7098964678e-001 3.5177136588e-002
9.9809691182e-001 2.2546245799e-002 -5.7395308235e-002
-3.1044790263e-002 9.8792603805e-001 -1.5178393970e-001
5.3280161454e-002 1.5327690678e-001 9.8674587116e-001
-6.7295931612e-001 2.5308398265e-001 -2.4221815570e+000
1.4735687378e+003 1.6248962543e-001 3.6713753980e-002
-9.9436950199e-001 -6.2941076471e-003 -1.0578127299e-001
-8.9166072504e-003 -9.8972466649e-001 1.4270801888e-001
-1.0559255476e-001 1.4284771173e-001 9.8409590164e-001
1.1537263777e+000 -1.9243595482e-001 -2.2568106959e+000
1.9010059819e+004 3.8894352205e-002 3.6292058642e-005
9.5190346065e-001 1.2143884309e-002 3.0615735770e-001
-6.3565879425e-002 9.8530161079e-001 1.5855634565e-001
-2.9973184778e-001 -1.7039149582e-001 9.3868394978e-001
-1.7488446763e+000 -6.7827658034e-001 -1.1473435080e+001
1.3526380888e+003 -1.2701777086e-001 5.5857047256e-001
7.0076023656e-001 -7.3860479730e-002 7.0956304892e-001
-1.3343640481e-001 9.6350197255e-001 2.3207471805e-001
-7.0080654730e-001 -2.5731027655e-001 6.6532819334e-001
-2.7900156605e+000 -8.4259005403e-001 -2.0138975017e+000
1.3228147595e+003 -1.1527369660e-002 -4.1950552016e-002
7.5404411618e-001 -3.7820080474e-002 6.5573402563e-001
-1.4501282073e-001 9.6411991879e-001 2.2236021231e-001
-6.4061591666e-001 -2.6275925047e-001 7.2150455551e-001
-2.6968400353e+000 -8.0095746351e-001 -2.2263970756e+000
1.3444368719e+003 7.0974805632e-003 -3.8811723916e-002
8.1325442402e-001 -3.6699910155e-002 5.8074982428e-001
-1.2589149522e-001 9.6327758142e-001 2.3716583349e-001
-5.6812725092e-001 -2.6598762704e-001 7.7876954809e-001
-2.5203742656e+000 -8.5851233882e-001 -2.4399228000e+000
1.3797508073e+003 2.6782200071e-002 -9.6146271656e-002
8.5337125695e-001 -3.0706505081e-002 5.2039850919e-001
-1.1223898598e-001 9.6402881903e-001 2.4093743191e-001
-5.0907750672e-001 -2.6401808010e-001 8.1922801804e-001
-2.3857364050e+000 -8.7707438625e-001 -2.5978595857e+000
1.4162457008e+003 5.1658326796e-002 -2.4659597302e-001
9.0029833714e-001 -3.3690086528e-002 4.3396760502e-001
-8.2603287187e-002 9.6565860603e-001 2.4633341949e-001
-4.2736354674e-001 -2.5762071865e-001 8.6659792536e-001
-2.1605431556e+000 -9.1532678243e-001 -2.8156636318e+000
1.4138490661e+003 2.7413978389e-003 1.7795425795e-002
8.9854501552e-001 -2.6745446029e-002 4.3806567567e-001
-8.7355678166e-002 9.6727064827e-001 2.3823618217e-001
-4.3009980304e-001 -2.5233345819e-001 8.6679985308e-001
-2.2194098173e+000 -8.8274943629e-001 -2.8053218510e+000
0 0 0
0 0 0
0 0 0
0 0 0
0 0 0
1.4443569047e+003 1.5281256095e-002 -6.8963514409e-002
9.2474163708e-001 -2.2221703065e-002 3.7994618114e-001
-7.3534663405e-002 9.6905182844e-001 2.3565060382e-001
-3.7342409929e-001 -2.4585513970e-001 8.9448850879e-001
-2.0782164545e+000 -8.8321646762e-001 -2.9378714932e+000
1.4694090734e+003 -3.8079643680e-002 2.5211526552e-001
9.1842553099e-001 -2.5018563779e-002 3.9480199530e-001
-7.2135949351e-002 9.7067414939e-001 2.2932095526e-001
-3.8896137191e-001 -2.3909363684e-001 8.8968718322e-001
-2.1698696251e+000 -8.6129181504e-001 -2.9050122295e+000
1.4744422793e+003 -1.2980071411e-002 1.4624743934e-001
9.4397932494e-001 -1.4808723261e-002 3.2967216412e-001
-6.2935776866e-002 9.7257856819e-001 2.2389733517e-001
-3.2394771503e-001 -2.3210262907e-001 9.1716206175e-001
-2.0070327408e+000 -8.5037197076e-001 -3.0586831332e+000
1.4821676057e+003 -1.2497717868e-002 2.1420141057e-001
9.5375716196e-001 -7.4628376072e-003 3.0048557715e-001
-6.0453625904e-002 9.7450107745e-001 2.1608565236e-001
-2.9443613082e-001 -2.2425868120e-001 9.2898622636e-001
-1.9667947288e+000 -8.2495323857e-001 -3.1210679628e+000
1.4590989853e+003 5.3263128338e-002 1.5979237527e-003
9.4567145110e-001 -3.6905185754e-004 3.2512362323e-001
-7.1289168313e-002 9.7542872620e-001 2.0846259757e-001
-3.1721185517e-001 -2.2031491984e-001 9.2240878955e-001
-2.0961149276e+000 -7.8803511881e-001 -3.0750216193e+000
1.4359438337e+003 9.1776593194e-002 -1.6774928201e-001
9.4613078763e-001 1.3761799196e-002 3.2349211055e-001
-8.6277673523e-002 9.7368877588e-001 2.1091782942e-001
-3.1207802831e-001 -2.2746599878e-001 9.2242426445e-001
-2.1380004281e+000 -7.8219829479e-001 -3.0743938340e+000
0 0 0
0 0 0
0 0 0
0 0 0
0 0 0
0 0 0
0 0 0
0 0 0
0 0 0
0 0 0
0 0 0
0 0 0
0 0 0
0 0 0
0 0 0
0 0 0
0 0 0
0 0 0
0 0 0
0 0 0
1.2661766337e+003 7.4507711571e-002 3.6321907708e-002
-8.9844123275e-001 -3.7334116792e-002 4.3750373144e-001
1.1239398769e-001 -9.8273814269e-001 1.4694670613e-001
4.2446547896e-001 1.8119576881e-001 8.8712859865e-001
-6.8227248365e-001 -3.1689712378e-001 -2.5379974749e+000
1.5048284923e+000 -7.1015229350e-004 4.8327458335e-003
8.4212398153e-001 -1.0027031434e-001 5.2988023533e-001
5.5676801809e-002 9.9347744027e-001 9.9512157071e-002
-5.3640217512e-001 -5.4299537079e-002 8.4221390798e-001
-2.2044023787e+000 -5.8149269601e-001 -2.1257855166e+000
1.3970755125e+003 1.3309217501e-001 -1.0379441965e-002
-9.7095031002e-001 -2.7723359546e-002 2.3766975156e-001
6.6971958810e-002 -9.8505332107e-001 1.5869691675e-001
2.2971776641e-001 1.7000402933e-001 9.5829451517e-001
4.5501037214e-002 -3.1540113422e-001 -2.5333170872e+000
7.2409198947e-001 2.3570504627e-001 3.0712433651e+000
133 129 120
3 2 806 -163.9100 40.0100 3 791 -256.0800 -5.2600 23 529 -4.8900 36.8500
7.0117673289e-001 3.2004091086e-001 3.1110854509e+000
42 35 24
2 2 1 -210.4200 198.0600 3 1 -284.4000 147.2500
9.6796986938e-001 8.8235198294e-002 3.0975934603e+000
109 97 73
2 2 19 349.0700 -279.4300 3 6 243.9400 -331.5601
7.3978846927e-001 1.1198219064e-001 3.0483691389e+000
148 148 146
2 2 22 -130.0300 -235.2700 3 29 -241.5000 -275.0000
1.0409296495e+000 4.0616443196e-001 3.1638863416e+000
132 116 83
3 2 26 413.2500 314.6100 3 22 344.5400 253.6300 25 30 394.6800 251.3500
7.6272711160e-001 4.7535276839e-001 3.0255457627e+000
138 138 130
2 2 31 -78.7000 596.0000 3 40 -161.6400 519.1600
9.9006235587e-001 2.2803990124e-001 3.1262824747e+000
135 119 94
3 2 36 358.1100 4.4700 3 44 270.7000 -50.7900 4 48 323.6900 -38.8900
8.8972839457e-001 2.2982979490e-001 3.0623785884e+000
143 128 99
4 2 37 195.0600 27.3800 3 33 94.4000 -26.4000 4 30 118.8300 -18.6500 25 24 210.0900 -7.9700
7.6411614875e-001 2.6106590515e-001 3.0147794851e+000
152 148 139
2 2 45 -70.2500 119.8800 3 68 -175.7500 66.7800
7.6888265120e-001 4.3756364313e-001 3.0198029129e+000
143 139 130
2 2 49 -62.7800 515.4399 3 70 -151.2800 445.3400
8.0993442091e-001 6.1444887040e-002 2.9620165083e+000
66 64 55
5 2 50 63.2200 -378.2800 3 55 -88.6100 -422.8300 4 55 -90.3800 -416.7000 25 49 109.5700 -418.9700 5 63 -147.2800 -425.8199
8.7171361065e-001 2.1219911722e-001 3.0749541872e+000
101 86 57
2 2 55 151.5200 -12.7900 3 63 52.7300 -64.6800
7.4436770485e-001 4.6363592905e-002 3.0781746310e+000
64 71 68
2 2 65 -121.9600 -384.3101 3 71 -233.1500 -422.9000
9.7504396528e-001 2.5378504700e-001 3.1366121243e+000
59 50 31
2 2 76 320.4900 49.8100 3 66 237.4000 -3.7200
8.7110714209e-001 2.5734497549e-001 3.0746119362e+000
133 116 90
6 2 77 147.2800 82.1800 3 79 53.8800 27.9800 4 78 82.0800 32.8400 25 75 162.5000 49.2700 24 64 207.1200 46.2200 6 95 -35.3000 3.2800
8.8533658610e-001 3.6636599392e-001 3.0681859987e+000
139 128 110
2 2 79 175.9600 309.2600 3 87 87.2200 247.7400
6.6683748920e-001 6.6088158952e-002 3.1739794624e+000
17 14 7
3 2 84 -278.7800 -323.5400 3 96 -366.0100 -357.9100 23 71 -233.9800 -354.8900
1.0096536064e+000 7.4851077102e-002 3.1054917005e+000
108 101 82
3 2 87 431.0500 -306.7700 3 93 327.3700 -362.3500 4 70 382.8900 -358.7600
6.8604037349e-001 3.6211686745e-001 3.3230007021e+000
41 32 21
2 2 100 -220.0700 171.6900 3 141 -259.9700 130.3600
7.5610813077e-001 3.6284494460e-001 3.0300536359e+000
151 146 140
2 2 107 -91.5500 338.6799 3 151 -183.2700 279.8700
6.6002036684e-001 6.5381744818e-002 3.1462212454e+000
118 119 113
2 2 119 -300.3100 -330.5601 3 94 -389.7400 -364.2800
7.8990717147e-001 9.8540673588e-002 2.9711961319e+000
127 120 113
2 2 125 5.3300 -275.2000 3 131 -135.0400 -319.6801
6.5527144539e-001 1.4556513087e-001 3.1666784106e+000
142 135 125
2 2 126 -300.9100 -164.3400 3 172 -378.1300 -199.1700
1.0490592486e+000 4.0391432503e-001 3.1926802938e+000
86 75 49
3 2 140 407.3000 292.4000 3 148 343.8700 231.3300 4 123 413.8600 263.9200
8.6306625772e-001 4.1759271651e-001 3.0930368000e+000
83 70 44
3 2 146 116.6300 393.4800 3 292 40.9300 330.7000 25 137 139.7500 359.4500
7.9096689024e-001 5.8548913063e-002 2.9637804750e+000
151 150 147
4 2 151 10.6300 -387.8300 3 159 -137.1000 -430.5699 4 158 -134.5900 -422.6300 5 170 -188.7000 -428.9700
9.3625004643e-001 7.4377345154e-002 3.0591891881e+000
75 69 50
3 2 152 310.6100 -317.0000 3 127 193.8900 -367.3700 25 154 314.0400 -362.1600
7.9593286552e-001 8.5108006243e-002 2.9675987156e+000
222 219 200
2 2 153 22.6700 -312.0900 3 164 -121.2600 -356.7800
7.9593286552e-001 8.5108006243e-002 2.9675987156e+000
222 219 200
2 2 154 22.6700 -312.0900 3 165 -121.2600 -356.7800
7.9119915472e-001 8.9229081504e-002 2.9719467912e+000
137 130 122
4 2 157 9.0200 -300.1200 3 219 -132.9200 -344.8101 4 212 -129.6600 -339.5200 25 118 51.7600 -333.8000
8.7159792068e-001 8.4435701584e-002 3.0768907869e+000
102 95 74
4 2 158 158.8400 -292.6500 3 166 47.9300 -341.1801 4 213 83.9300 -334.8199 5 229 50.5900 -343.8600
8.7316736921e-001 2.2275768609e-001 3.0689374508e+000
171 165 141
2 2 163 156.8100 10.8100 3 179 57.2600 -41.0600
7.0393957344e-001 3.2525593662e-001 3.2912542315e+000
10 6 3
3 2 170 -193.8800 127.3300 3 186 -239.9400 84.9200 23 80 -193.9700 124.5700
7.0838100641e-001 3.6206338439e-001 3.2952427058e+000
87 89 83
2 2 172 -185.9000 182.9600 3 191 -229.6100 138.4100
7.7076653655e-001 4.9854281222e-001 3.0213569449e+000
137 144 138
2 2 181 -60.3700 653.5200 3 205 -143.2800 572.6000
9.1631326914e-001 7.1325309845e-002 3.0457265737e+000
246 241 221
2 2 189 276.2600 -327.1700 3 162 154.6400 -377.3900
8.7832227691e-001 8.8924284924e-002 3.0716182070e+000
19 19 19
5 2 194 174.9800 -284.0800 3 221 64.4800 -330.8700 4 214 95.4500 -326.4700 25 223 180.4700 -323.2100 5 230 62.1100 -335.5200
6.3077579460e-001 2.2922105140e-001 3.2180015586e+000
151 144 126
3 2 206 -332.7400 -13.0500 3 178 -394.8100 -50.0400 23 131 -305.6100 -3.4800
8.6372348253e-001 2.4934056296e-001 3.0705449072e+000
223 210 178
4 2 219 134.4400 66.7700 3 249 38.5000 13.7500 25 338 151.6200 33.9900 24 318 197.7200 31.2400
8.7585515489e-001 2.5993807618e-001 3.0771013971e+000
47 29 9
4 2 223 156.7300 86.0700 3 378 62.9400 32.5600 25 248 170.5800 52.0900 24 326 214.5000 48.1200
8.7571342808e-001 2.5981747660e-001 3.0770293366e+000
47 29 9
10 2 224 156.7300 86.0700 3 379 62.9400 32.5600 4 370 91.7600 37.9400 25 249 170.5800 52.0900 5 387 59.0700 22.9700 24 327 214.5000 48.1200 6 369 -26.0700 9.7300 7 364 -58.4000 12.3400 8 354 -66.1100 23.7900 9 384 -103.9900 39.1800
8.6774106906e-001 2.5963740510e-001 3.0730728999e+000
37 26 8
10 2 225 142.0300 86.9800 3 252 47.3100 33.2300 4 247 75.1600 37.8300 25 343 157.3500 54.5700 5 261 41.5500 21.4700 24 328 203.0200 51.1100 6 275 -43.6500 8.9100 7 266 -76.8400 12.4600 8 273 -86.0700 24.0500 9 297 -125.5500 39.3200
8.5894939586e-001 2.6007874344e-001 3.0677871325e+000
55 38 12
7 2 228 125.4100 90.4700 3 255 29.9500 36.7200 4 249 55.5300 40.5900 5 271 21.3700 24.0400 6 280 -64.7600 10.2100 7 269 -97.9800 14.1500 8 274 -109.0800 24.8200
6.9827429249e-001 3.3300562240e-001 3.2947414901e+000
69 70 62
3 2 241 -202.6400 137.1200 3 388 -247.4700 93.4200 23 104 -204.4800 141.3000
9.3630627683e-001 3.5683192415e-001 3.1128286706e+000
228 224 195
2 2 254 254.6700 258.2300 3 279 173.9200 199.1800
8.6395054587e-001 3.5980849905e-001 3.0930838742e+000
127 117 95
4 2 259 121.7100 279.6300 3 402 39.6200 220.8100 4 376 68.9400 226.6100 25 272 138.6700 247.0100
1.0594409533e+000 4.1779196085e-001 3.1744998964e+000
115 99 76
2 2 260 438.1000 328.9700 3 286 371.7200 264.4000
9.4126930936e-001 4.0063946256e-001 3.1268490635e+000
90 91 78
2 2 263 254.4100 332.0500 3 194 179.4000 270.4800
7.8011654632e-001 3.8140058223e-001 2.9978368516e+000
217 211 185
2 2 272 -31.8700 409.7800 3 409 -131.5800 342.5601
8.2979078972e-001 4.6318130225e-001 3.0470678337e+000
107 93 66
2 2 279 64.9900 535.1899 3 298 -19.0300 463.1700
8.1390655025e-001 5.7758427012e-002 2.9593332685e+000
33 25 19
6 2 284 75.1700 -390.3700 3 422 -78.9600 -434.9399 4 394 -81.4100 -427.6000 25 289 121.6000 -430.3199 5 414 -140.0800 -434.7200 23 246 351.8000 -442.7500
6.7137280559e-001 6.7598077922e-002 3.1487506285e+000
28 23 17
2 2 298 -275.5600 -324.5000 3 326 -364.7100 -358.9500
8.8231252464e-001 8.5848108036e-002 3.0725475846e+000
188 181 183
5 2 311 183.6700 -291.2800 3 445 72.3300 -337.9301 4 429 104.0900 -333.0900 25 315 188.4100 -330.9399 5 555 71.0000 -341.4600
7.2901411853e-001 1.6380415838e-001 3.0690902760e+000
151 144 134
2 2 313 -154.1600 -117.1400 3 232 -253.8700 -158.3300
6.3361753576e-001 2.2170297306e-001 3.2200270719e+000
117 118 104
3 2 319 -327.6600 -26.9600 3 457 -389.5300 -62.6300 23 278 -301.8700 -20.8000
9.9953023154e-001 2.3681725092e-001 3.1170698965e+000
128 113 88
4 2 330 382.1800 23.5700 3 462 293.7100 -33.1600 4 451 344.7500 -17.8400 25 431 371.6800 -25.2300
8.7186259002e-001 2.4842315012e-001 3.0734028578e+000
172 158 136
3 2 338 150.4800 63.5200 3 365 54.7100 10.1700 25 337 165.8100 29.9100
8.6798762886e-001 2.5250030117e-001 3.0728173480e+000
86 69 51
9 2 339 142.8800 72.1800 3 368 47.6900 18.8600 4 360 75.3200 24.0700 25 448 158.0000 39.0300 5 254 41.6100 9.5100 24 566 203.4500 35.3500 6 362 -43.2500 -4.5900 7 358 -76.2000 -1.5400 8 351 -84.7300 8.3900
8.5916031390e-001 2.5339223884e-001 3.0674856208e+000
106 84 60
6 2 340 126.4800 75.8500 3 369 30.1700 22.9000 4 361 55.8600 27.2400 5 382 21.9500 10.4700 6 363 -64.1500 -3.6900 7 359 -97.3300 0.0200
8.5026068007e-001 2.5392391350e-001 3.0637018412e+000
118 91 66
4 2 342 109.2800 78.9100 3 371 11.9000 26.4000 4 362 36.2100 29.5400 25 454 128.4200 48.9400
8.5041970012e-001 2.5397718173e-001 3.0641190894e+000
118 91 66
2 2 343 109.2800 78.9100 3 372 11.9000 26.4000
8.6393462950e-001 2.5753107150e-001 3.0729062725e+000
182 152 124
3 2 345 133.9800 82.6800 3 375 38.7000 29.4600 25 341 150.1600 50.5300
8.4563638474e-001 2.5831984041e-001 3.0622643520e+000
231 212 185
2 2 353 99.6000 89.3400 3 385 2.3900 35.9600
8.5022652035e-001 2.6065575633e-001 3.0646427241e+000
62 39 12
3 2 358 108.2400 93.0800 3 256 11.8000 39.8200 25 350 128.1500 62.6600
6.1015856704e-001 3.7253556675e-001 3.2415939479e+000
162 159 150
2 2 375 -361.9500 228.9000 3 490 -406.6300 185.9900
6.9520053704e-001 3.9663058144e-001 3.1712009727e+000
16 12 12
3 2 384 -217.6300 306.2600 3 285 -273.7400 258.1600 23 428 -130.0400 320.8800
9.5970238533e-001 4.0579900980e-001 3.1416467734e+000
152 142 122
3 2 387 279.7200 331.0100 3 404 208.4400 269.1100 25 481 278.0400 280.2100
7.2110869182e-001 4.2018834355e-001 3.0929751262e+000
58 51 33
2 2 394 -170.1400 409.0800 3 411 -240.8900 350.4600
8.9786089276e-001 1.7614488226e-001 3.0579691662e+000
100 88 66
3 2 449 218.5500 -87.1600 3 566 110.5000 -139.1900 25 421 231.0600 -125.1500
9.0632820109e-001 1.7620125308e-001 3.0492092520e+000
231 225 199
4 2 450 242.1400 -85.9400 3 567 131.3300 -137.4600 4 437 156.1800 -132.3700 25 420 256.7400 -125.2000
1.0533401471e+000 2.3880775050e-001 3.1770581061e+000
225 207 183
3 2 458 438.1700 10.0700 3 350 361.9100 -46.5000 4 232 436.2000 -27.9400
9.6608840439e-001 2.4317526476e-001 3.1268390369e+000
229 211 181
4 2 461 309.8500 33.4500 3 598 224.8300 -21.5100 4 452 274.1200 -8.3800 6 472 175.8800 -23.3600
8.7168246301e-001 2.5682503333e-001 3.0748637931e+000
129 112 86
9 2 471 149.2800 80.9600 3 373 54.8900 27.0200 4 366 83.3900 32.0600 25 452 163.3600 47.8000 5 386 50.6800 16.7700 24 569 207.8200 44.0200 6 368 -34.5300 3.5900 7 362 -67.2800 6.4100 8 352 -75.8500 17.7700
8.7177984658e-001 2.5700603854e-001 3.0749177273e+000
129 112 86
5 2 472 149.2800 80.9600 3 374 54.8900 27.0200 4 367 83.3900 32.0600 25 453 163.3600 47.8000 24 570 207.8200 44.0200
8.5544899945e-001 2.6163748826e-001 3.0645990385e+000
87 59 29
4 2 477 119.4600 94.8400 3 477 22.4400 41.7900 4 460 47.1200 45.7100 7 456 -108.6000 17.5000
7.1657713926e-001 3.5750660243e-001 3.2727983007e+000
78 76 64
3 2 491 -173.3100 183.6700 3 485 -219.9100 139.5400 23 224 -159.8200 185.9200
7.0585885761e-001 4.0825043801e-001 3.1181655142e+000
103 88 69
2 2 511 -200.0800 365.8500 3 508 -266.1500 310.5900
7.0648488070e-001 4.0559175864e-001 3.1104829924e+000
103 88 69
3 2 512 -200.0800 365.8500 3 509 -266.1500 310.5900 23 330 -61.4300 384.9800
7.7434483524e-001 5.0739759796e-001 3.0277357703e+000
255 254 250
2 2 525 -53.2700 663.9700 3 419 -134.5200 583.4600
7.2943039269e-001 4.9823617120e-002 3.0641333974e+000
57 42 36
4 2 528 -155.0100 -379.1600 3 532 -271.2300 -416.9600 5 682 -249.4600 -414.5699 23 455 -3.1500 -425.2000
6.7170474118e-001 7.0840917377e-002 3.1464452973e+000
90 88 76
2 2 557 -275.0500 -318.1200 3 546 -364.3800 -352.4301
1.0175844701e+000 7.1047217403e-002 3.1094135605e+000
248 249 237
4 2 561 444.7300 -314.4500 3 716 341.3800 -370.5500 4 519 399.9200 -367.4900 25 756 423.1200 -362.0601
6.6579647396e-001 7.2707505205e-002 3.1554267149e+000
40 35 29
2 2 562 -285.7200 -312.9500 3 740 -372.7200 -346.9900
7.2916546584e-001 1.6726379899e-001 3.0632211569e+000
108 104 93
3 2 587 -153.3000 -108.3400 3 565 -255.0200 -150.2800 23 386 8.3400 -124.2200
8.8613098307e-001 1.7347508818e-001 3.0716870557e+000
96 80 55
3 2 589 186.8700 -95.0900 3 952 81.7100 -145.9600 25 801 194.8800 -131.5700
8.8929405684e-001 1.7460779841e-001 3.0669820219e+000
80 69 49
3 2 591 194.6400 -92.3300 3 759 90.5400 -142.8600 4 750 119.4500 -137.2600
7.6409404197e-001 1.7351781238e-001 3.0130355735e+000
96 92 81
4 2 594 -68.8700 -86.0700 3 569 -185.1500 -131.5800 25 422 -37.1500 -107.2800 23 387 147.2500 -106.8600
7.8947446710e-001 1.7676127065e-001 2.9759507941e+000
237 231 205
3 2 596 1.1900 -70.5200 3 571 -127.9300 -118.8000 25 424 49.0800 -94.8500
6.4224709333e-001 2.2989278279e-001 3.2017075043e+000
134 127 109
2 2 605 -315.5700 -8.5800 3 590 -378.7400 -45.8000
1.0024281143e+000 2.3512404886e-001 3.1165303417e+000
240 239 209
4 2 617 389.0100 20.2500 3 776 299.2300 -36.2400 4 579 351.1200 -21.2600 25 815 377.2400 -28.5400
9.4539992468e-001 2.3368251863e-001 3.1021108833e+000
236 233 203
3 2 619 286.1100 22.7300 3 594 194.0100 -32.2600 4 580 235.2700 -21.2600
6.4366979542e-001 3.1203357363e-001 3.2230260588e+000
141 134 116
2 2 642 -306.1700 131.4800 3 624 -359.8100 90.5900
9.9089023713e-001 3.5017886104e-001 3.1231384796e+000
244 243 215
2 2 658 353.0500 238.6900 3 641 273.2100 177.6600
9.6569387632e-001 4.0022402970e-001 3.1447101460e+000
111 108 91
2 2 675 289.7200 318.3700 3 827 217.8300 257.0800
7.5277789735e-001 3.6737707576e-001 3.0366668505e+000
157 153 142
2 2 683 -99.7400 343.5300 3 660 -189.1600 284.5800
7.5741646407e-001 3.7018246799e-001 3.0253283370e+000
93 89 80
3 2 687 -89.3300 359.2200 3 662 -179.9000 298.5600 25 493 -43.6000 348.7900
7.6672739910e-001 3.7035987369e-001 3.0109413298e+000
165 161 152
4 2 688 -66.2000 372.0300 3 838 -160.7900 310.0800 25 688 -15.2500 359.3700 23 590 164.5300 369.6799
7.6469135150e-001 3.7196224394e-001 3.0132656787e+000
88 84 75
3 2 689 -71.0900 373.9399 3 839 -165.2700 310.8900 25 498 -20.7200 362.1600
7.3755558179e-001 4.2554754306e-001 3.0626829296e+000
63 53 34
2 2 700 -135.5600 446.9800 3 682 -212.9000 383.7700
8.7404577577e-001 6.3729204599e-002 3.0615119979e+000
7 12 5
3 2 737 172.8200 -341.9000 3 880 55.6500 -390.4900 25 928 178.3800 -382.8700
6.5898252178e-001 6.1865863869e-002 3.1293362016e+000
25 27 26
2 2 738 -306.5700 -341.9000 3 710 -400.0200 -375.4500
7.7295737226e-001 7.2664062117e-002 2.9966365008e+000
90 89 87
2 2 740 -43.9100 -340.0900 3 706 -177.9700 -381.6000
6.6947571437e-001 6.4088404934e-002 3.1455821132e+000
78 76 69
2 2 749 -280.3600 -333.1100 3 905 -370.5100 -366.6700
6.5397043508e-001 6.6247952941e-002 3.1281332199e+000
124 123 119
2 2 750 -317.5100 -333.0601 3 725 -410.5300 -366.0699
6.7793842329e-001 7.3306402425e-002 3.1542899166e+000
54 47 31
2 2 762 -260.5300 -311.0800 3 741 -348.2000 -345.8600
6.7793842329e-001 7.3306402425e-002 3.1542899166e+000
54 47 31
2 2 763 -260.5300 -311.0800 3 742 -348.2000 -345.8600
8.0650979483e-001 8.8328113195e-002 2.9672035562e+000
221 206 190
2 2 765 50.5600 -303.5000 3 920 -93.5600 -347.8400
7.9078008580e-001 1.2777546132e-001 2.9740137409e+000
110 103 86
4 2 772 6.5300 -197.2300 3 936 -130.0100 -242.7300 25 789 51.4900 -226.0200 23 497 267.1500 -231.0200
8.9227989459e-001 1.7536351451e-001 3.0642023142e+000
89 77 57
4 2 779 203.0400 -90.0800 3 761 97.2500 -141.3800 4 752 125.7200 -135.3000 25 803 214.0500 -127.2800
8.9227989459e-001 1.7536351451e-001 3.0642023142e+000
89 77 57
4 2 780 203.0400 -90.0800 3 762 97.2500 -141.3800 4 753 125.7200 -135.3000 25 804 214.0500 -127.2800
6.3192811321e-001 2.1384778119e-001 3.2007628991e+000
70 66 55
2 2 786 -336.3100 -37.8200 3 772 -400.4100 -74.1200
1.0698634960e+000 2.1296057147e-001 3.1900763957e+000
91 79 55
5 2 787 459.7700 -37.6600 3 771 385.3400 -93.9000 4 982 465.2700 -76.4300 6 766 398.5100 -79.7300 7 567 387.5100 -85.0700
9.7933739224e-001 2.4526637993e-001 3.1362093795e+000
47 48 36
2 2 805 329.3900 34.7100 3 785 245.8200 -20.7500
1.0533511172e+000 3.5960712248e-001 3.1901306867e+000
121 124 107
2 2 824 419.0400 217.9700 3 820 352.7100 158.7200
8.8942845319e-001 3.6466402703e-001 3.0644792670e+000
107 102 82
2 2 833 186.2900 308.5500 3 1069 96.4300 246.3100
7.7597384102e-001 3.7626893272e-001 3.0018047396e+000
165 163 156
2 2 845 -42.2200 393.9600 3 1089 -141.1300 328.5800
8.6562201757e-001 4.1813742215e-001 3.0920428640e+000
57 50 28
2 2 848 123.7700 395.9500 3 670 45.1100 332.1100
7.8830292271e-001 5.0600887642e-001 3.0321273272e+000
163 150 142
2 2 857 -22.5500 652.4000 3 1115 -104.2800 573.5100
7.8983887724e-001 5.0990011850e-001 3.0337225950e+000
128 133 113
2 2 860 -19.5900 659.0000 3 855 -100.6800 579.2900
8.1478198878e-001 5.9292871386e-002 2.9624195998e+000
151 139 130
3 2 872 76.6600 -384.7500 3 863 -75.9400 -429.4800 5 855 -138.8400 -429.7800
8.2226202910e-001 5.9190170991e-002 2.9661973725e+000
199 192 175
3 2 875 95.4000 -383.6000 3 865 -57.1100 -428.6801 5 857 -121.0300 -429.1500
8.7245150654e-001 5.9530863360e-002 3.0601271429e+000
41 35 18
3 2 903 170.3400 -352.3199 3 701 52.2700 -400.2600 25 732 176.0700 -393.6400
7.7497752625e-001 7.0191812187e-002 2.9987623532e+000
95 94 92
5 2 909 -38.6100 -345.9399 3 1202 -173.4200 -387.6300 25 932 -10.1100 -380.6100 24 660 68.3900 -385.5800 23 664 190.4500 -390.9800
7.7497752625e-001 7.0191812187e-002 2.9987623532e+000
95 94 92
5 2 910 -38.6100 -345.9399 3 1203 -173.4200 -387.6300 25 933 -10.1100 -380.6100 24 661 68.3900 -385.5800 23 665 190.4500 -390.9800
7.7647059004e-001 7.1048561731e-002 2.9913924628e+000
141 140 138
2 2 911 -33.8700 -345.7800 3 1205 -170.1700 -387.1801
8.6079963557e-001 6.4726312369e-002 3.0919545159e+000
12 11 6
2 2 925 129.5800 -333.0900 3 890 21.6100 -379.1600
6.4026799268e-001 6.7116328655e-002 3.1378047556e+000
18 20 17
2 2 928 -344.9900 -330.0900 3 1243 -435.0800 -362.6200
6.5529350282e-001 6.9061156089e-002 3.1311970595e+000
29 28 24
2 2 934 -313.6400 -326.0500 3 735 -405.7300 -359.3900
7.8145706277e-001 8.1428011806e-002 2.9861659193e+000
107 102 99
2 2 942 -20.0800 -318.8400 3 1246 -156.9800 -361.5000
1.0311552903e+000 7.0079959687e-002 3.1191446786e+000
179 169 154
3 2 946 464.1900 -314.4800 3 901 363.5600 -371.5699 4 692 426.6000 -368.3300
8.7705518791e-001 8.2824907560e-002 3.0660507835e+000
57 52 44
3 2 961 175.1700 -297.7900 3 1284 62.5100 -343.9700 4 925 94.3200 -339.1000
7.8984658345e-001 1.4167813500e-001 2.9713020362e+000
113 106 90
2 2 984 3.9400 -160.4000 3 939 -130.5200 -207.4100
7.8774793389e-001 1.7700026437e-001 2.9744441901e+000
131 124 108
2 2 1001 -3.1400 -70.2200 3 960 -132.0300 -118.1300
9.4084507731e-001 2.2328766280e-001 3.1098325143e+000
125 106 76
12 2 1015 273.2200 -3.3700 3 975 181.7400 -57.1800 4 991 224.6000 -46.7900 6 988 117.3400 -64.4400 7 1342 86.7700 -64.0400 8 920 92.7000 -54.1100 9 990 67.3500 -42.2400 10 955 70.1700 -26.5000 11 844 -42.5600 -18.8500 13 663 -79.0200 -6.3600 15 860 -252.3200 12.0400 16 880 -362.1600 22.6900
8.7033939638e-001 2.2126980232e-001 3.0685361265e+000
188 179 153
3 2 1019 151.5500 7.7800 3 982 51.1700 -44.0200 25 1064 165.6100 -25.6300
1.0627669587e+000 3.0640808224e-001 3.1937909649e+000
138 141 122
4 2 1056 434.8800 129.1100 3 1037 365.9200 70.3100 6 1036 371.9400 94.0500 7 994 367.0000 93.7600
6.9750313530e-001 3.5013393226e-001 3.3021211486e+000
46 48 40
2 2 1064 -203.2100 161.3400 3 1047 -246.5800 118.8800
9.6647670647e-001 3.9050439533e-001 3.1443387849e+000
116 119 103
2 2 1098 291.8000 300.7900 3 1067 219.2400 240.1100
7.2055355024e-001 4.1663157467e-001 3.0841809755e+000
46 43 28
2 2 1117 -171.6900 410.2300 3 1095 -244.1500 350.0300
7.5774428915e-001 4.5510749801e-001 3.0372265913e+000
111 111 103
2 2 1135 -90.4000 536.0200 3 1105 -172.3000 465.5601
7.8507478275e-001 5.1104263169e-001 3.0338951833e+000
241 247 235
2 2 1149 -30.2500 661.9301 3 1116 -110.8300 582.1899
6.6509110951e-001 4.4518460078e-002 3.1253543360e+000
153 131 107
2 2 1199 -295.4000 -381.0000 3 1162 -391.9400 -414.6200
7.4280547662e-001 5.4161467236e-002 3.0379113003e+000
126 128 127
2 2 1204 -123.5700 -377.7300 3 1159 -245.4300 -416.6801
9.1267722443e-001 6.5634741878e-002 3.0376561927e+000
243 247 232
3 2 1283 273.4900 -342.0699 3 878 150.3400 -393.4301 8 1101 -36.4100 -418.5699
6.5672636754e-001 6.1877876086e-002 3.1312472451e+000
117 119 118
2 2 1286 -311.0700 -341.6801 3 1220 -403.9900 -374.9900
9.1319808220e-001 6.6080728763e-002 3.0441027997e+000
97 95 75
2 2 1290 270.9000 -339.5500 3 1197 148.2400 -390.7800
9.3047971469e-001 6.6608242137e-002 3.0430966275e+000
254 237 221
4 2 1295 307.9900 -337.2300 3 1201 188.8600 -388.8400 4 862 220.0900 -385.1899 9 1127 -25.6500 -430.8700
7.9421910533e-001 8.3282741908e-002 2.9673076990e+000
226 221 202
2 2 1329 18.3300 -317.8700 3 1247 -125.9500 -361.1400
7.9864282758e-001 8.3626486164e-002 2.9697148769e+000
149 146 127
2 2 1332 29.1800 -315.8199 3 1250 -114.2800 -360.0699
7.8326205948e-001 8.7324967367e-002 2.9813206963e+000
99 94 88
2 2 1350 -14.3700 -304.0100 3 1280 -152.2800 -347.1000
7.7861312972e-001 9.0418355136e-002 2.9879597588e+000
109 104 101
2 2 1361 -27.9200 -294.9000 3 1289 -162.8200 -337.2900
8.7567183966e-001 8.6208555256e-002 3.0717398484e+000
105 97 85
3 2 1366 169.1100 -289.4500 3 925 57.9400 -335.3400 25 1005 173.6200 -327.1899
7.9094756020e-001 1.3941125545e-001 2.9706223873e+000
228 221 202
2 2 1413 7.0600 -166.5800 3 1330 -128.0400 -212.9500
7.3730616141e-001 1.6708591365e-001 3.0490344611e+000
87 83 72
2 2 1432 -135.0800 -107.0400 3 1344 -239.9500 -149.5300
7.3918849871e-001 1.6753199701e-001 3.0450964833e+000
90 86 75
2 2 1434 -130.6100 -105.5200 3 1346 -236.5800 -148.1200
7.8706285424e-001 1.9761029661e-001 2.9766774459e+000
116 108 89
2 2 1479 -5.9800 -18.3700 3 1379 -131.5600 -68.2100
9.4434949471e-001 2.2590097540e-001 3.1003627914e+000
127 111 78
2 2 1488 285.6300 7.4100 3 1392 192.6900 -46.7400
9.4699135825e-001 2.2932578690e-001 3.1079777949e+000
231 225 193
5 2 1490 287.0300 9.9600 3 1394 194.5900 -44.4300 25 1524 285.2600 -33.0300 7 757 94.6400 -49.9500 8 922 98.7100 -39.4000
1.0663671307e+000 2.4028206677e-001 3.1863994302e+000
50 44 28
2 2 1491 453.9700 10.6900 3 980 380.5300 -46.3100
7.4965762175e-001 2.6249823689e-001 3.0467788759e+000
112 109 92
2 2 1578 -106.6000 107.2500 3 1481 -202.9300 58.0300
9.4760461938e-001 2.8424369506e-001 3.1096533462e+000
196 182 162
2 2 1594 282.4500 119.0200 3 1484 195.7500 63.9300
1.0302787363e+000 3.4895262403e-001 3.1668699313e+000
65 50 38
2 2 1655 395.5000 210.8600 3 1530 324.0400 152.9300
9.2877599376e-001 3.5071485482e-001 3.1169813321e+000
131 125 96
2 2 1671 238.1200 244.5200 3 1551 158.1600 185.7100
7.5630678656e-001 3.7232177527e-001 3.0337023485e+000
86 82 73
2 2 1716 -91.6700 356.9700 3 1604 -181.4900 296.5000
9.2180602621e-001 4.1167116878e-001 3.1197450721e+000
99 82 59
3 2 1719 220.5700 359.0701 3 1603 146.1400 296.4000 4 1642 183.2300 312.4200
8.6421767040e-001 4.2067140017e-001 3.0949597455e+000
69 62 38
2 2 1740 119.8200 398.3500 3 1619 41.9300 335.0601
8.1059081362e-001 5.0525948223e-001 3.0472541280e+000
224 226 246
2 2 1805 22.7900 628.0300 3 1671 -57.0500 550.9100
7.8689637744e-001 5.1131570648e-001 3.0357630586e+000
103 106 91
2 2 1810 -26.5900 659.8199 3 1680 -106.8000 580.0900
7.7185238637e-001 5.0255729551e-001 3.0224858991e+000
91 101 92
2 2 1811 -57.9900 660.4600 3 1681 -140.7400 580.2700
7.7185238637e-001 5.0255729551e-001 3.0224858991e+000
91 101 92
2 2 1812 -57.9900 660.4600 3 1682 -140.7400 580.2700
7.9421811359e-001 5.1922066501e-001 3.0400016469e+000
123 123 105
3 2 1815 -10.9600 670.6600 3 1687 -91.0900 590.3500 6 1580 -226.6100 507.8800
8.6897885044e-001 2.0318286845e-001 3.0673068728e+000
83 69 42
2 5 9 42.4600 -99.4500 6 23 -41.7500 -109.5100
8.4935132351e-001 2.4183805115e-001 3.0508493648e+000
216 211 182
3 5 10 -7.4200 -20.0800 6 25 -100.2200 -31.8300 7 24 -136.3800 -27.6500
8.5202014795e-001 2.3984533595e-001 3.0556709153e+000
220 215 186
2 5 25 0.9500 -22.8500 6 34 -89.4100 -35.9000
8.3545432439e-001 7.2257141911e-002 3.0056856517e+000
49 41 28
2 5 137 -70.8500 -394.9000 6 139 -166.3200 -402.8101
8.1062623329e-001 1.8640899170e-001 3.0060293759e+000
158 143 111
2 5 145 -116.2900 -144.7700 6 153 -219.7400 -160.4500
8.7959795937e-001 2.5831241821e-001 3.0798261841e+000
155 147 128
4 5 154 73.8600 20.8000 6 191 -14.1600 7.6000 7 256 -49.2900 8.8900 8 432 -58.6700 22.0500
8.9897602295e-001 1.8325942781e-001 3.0707755860e+000
118 105 86
2 5 185 105.3200 -144.5800 6 243 11.1000 -153.5700
8.5410084643e-001 2.5784669541e-001 3.0649737627e+000
213 205 170
2 5 258 11.4600 18.4900 6 260 -74.9700 4.1300
8.3513110660e-001 6.3895722992e-002 3.0016605051e+000
254 252 247
2 5 329 -74.8200 -414.3800 6 415 -171.1800 -421.3800
9.1559756673e-001 8.1209526823e-002 3.0566242483e+000
108 101 84
2 5 342 127.7200 -365.7000 6 434 29.8200 -372.0000
8.5047540648e-001 2.5507588818e-001 3.0615790084e+000
96 81 60
2 5 385 1.7100 12.3900 6 365 -85.0500 -2.5500
9.0145403055e-001 1.9788681509e-001 3.0744945237e+000
236 230 204
2 5 455 113.1500 -112.9000 6 458 17.9200 -122.5300
8.9437041909e-001 2.4420306352e-001 3.0810368122e+000
227 227 199
2 5 472 104.2400 -12.7700 6 471 10.1000 -24.0800
8.6691675637e-001 2.4909988705e-001 3.0724060050e+000
171 157 131
2 5 476 42.4000 0.3400 6 475 -43.5500 -13.1100
8.5422323522e-001 2.6255148020e-001 3.0654369111e+000
89 67 36
2 5 481 12.1100 28.4700 6 479 -74.6900 13.9400
8.9359416035e-001 2.4934747793e-001 3.0817924289e+000
222 221 193
2 5 602 103.2400 -1.3300 6 581 9.3400 -13.4900
8.3174738064e-001 6.5106820393e-002 3.0000675348e+000
119 102 77
2 5 685 -82.7400 -411.9600 6 674 -179.2300 -419.2900
8.3724275764e-001 6.3838368419e-002 3.0029969796e+000
255 250 236
2 5 863 -69.5500 -414.1700 6 860 -165.8400 -421.2200
8.3724275764e-001 6.3838368419e-002 3.0029969796e+000
255 250 236
2 5 864 -69.5500 -414.1700 6 861 -165.8400 -421.2200
8.6447848878e-001 2.2288535790e-001 3.0732814681e+000
177 167 140
7 5 984 44.2600 -53.3800 6 987 -43.0800 -65.5000 7 945 -80.5600 -61.9600 8 723 -90.9500 -55.0600 9 988 -133.3000 -44.7600 10 953 -139.3900 -34.6700 11 842 -257.4700 -24.7700
8.2062692183e-001 8.1603701895e-002 2.9757384199e+000
195 182 164
2 5 1260 -118.8700 -380.0300 6 1273 -232.9100 -388.6700
8.6021679838e-001 1.6954848921e-001 3.0666881348e+000
55 48 23
2 5 1370 23.4700 -169.6500 6 1346 -51.6700 -180.0100
8.6021679838e-001 1.6954848921e-001 3.0666881348e+000
55 48 23
2 5 1371 23.4700 -169.6500 6 1347 -51.6700 -180.0100
8.7039351387e-001 2.4448831630e-001 3.0744508033e+000
164 152 130
6 5 1452 51.8400 -8.8400 6 1394 -35.1600 -21.5800 7 956 -70.4900 -19.0300 8 927 -79.2000 -9.2100 9 1336 -119.1800 4.5900 10 1290 -124.5500 17.0300
8.8517402999e-001 3.6912448710e-001 3.1166410183e+000
255 255 249
2 6 18 29.7900 243.7900 7 10 0.6700 245.6500
8.2923460856e-001 4.8453281058e-001 3.0899023133e+000
197 224 245
3 6 20 -106.1100 468.0200 7 11 -126.6400 469.6200 8 10 -148.1400 500.4200
8.4152195473e-001 2.3883980678e-001 3.0605781576e+000
204 199 170
6 6 26 -100.2200 -31.8300 7 16 -138.5400 -26.5200 8 15 -151.0400 -20.1300 9 16 -193.1800 -9.5500 10 17 -197.6200 0.4600 11 19 -320.9200 10.9000
1.0788589853e+000 4.2201178370e-001 3.1848545582e+000
96 82 55
2 6 53 344.1600 280.9200 7 44 341.8600 285.4300
7.8694358787e-001 4.3927682175e-001 3.0664352986e+000
120 103 75
5 6 57 -198.5500 395.1899 7 48 -228.4700 397.0701 8 28 -254.0900 420.9000 9 33 -303.4400 451.8300 10 37 -316.3800 463.9399
8.6109961631e-001 5.9216159944e-002 3.0669359836e+000
157 124 94
2 6 58 -33.4900 -428.6500 7 49 -87.9500 -423.9800
9.7199875561e-001 3.5315043166e-001 3.1056207215e+000
230 225 205
2 6 67 128.6500 165.1300 7 42 111.7100 169.2400
9.8452914786e-001 7.2572986300e-002 3.1498496501e+000
99 92 75
3 6 102 278.4600 -371.3000 7 70 234.8900 -377.5100 8 77 255.2000 -394.5699
9.0762291195e-001 2.1192857066e-001 3.1038467259e+000
128 112 79
2 6 115 69.2000 -80.8700 7 65 31.3800 -82.6500
9.4064572700e-001 4.0702419364e-001 3.1038747592e+000
38 38 31
2 6 168 78.3200 272.1000 7 159 61.4900 276.3500
9.4064572700e-001 4.0702419364e-001 3.1038747592e+000
38 38 31
2 6 169 78.3200 272.1000 7 160 61.4900 276.3500
9.8217544438e-001 3.3785280222e-001 2.8324611501e+000
39 28 11
2 6 195 -174.4100 14.7400 7 188 -164.0100 16.8700
8.5729295156e-001 2.6520195757e-001 3.0724403101e+000
202 191 161
5 6 198 -61.9300 22.8100 7 192 -95.2400 26.1600 9 206 -149.0600 53.6100 10 208 -154.9300 66.0000 11 157 -270.1100 77.2900
1.0426734802e+000 2.9651679014e-001 3.1461662296e+000
200 194 170
2 6 200 279.6300 61.9800 7 150 265.8900 63.8200
9.5290957628e-001 2.2331374372e-001 3.1084552437e+000
207 197 167
2 6 247 134.6500 -66.6100 7 241 104.4900 -66.3300
7.8878920040e-001 2.3293575293e-001 3.1157496133e+000
90 80 61
2 6 255 -106.5600 -0.8100 7 247 -164.4800 5.0100
8.4862756059e-001 2.5812876257e-001 3.0563481816e+000
209 189 160
2 6 266 -96.3300 5.1900 7 258 -130.7800 8.7200
7.5387008002e-001 9.3216702719e-002 3.0540092203e+000
50 37 23
2 6 343 -255.3700 -363.7700 7 337 -321.7800 -351.3900
1.0076587138e+000 7.7122946123e-002 3.1653315913e+000
54 38 30
2 6 344 331.4300 -357.0000 7 329 294.3700 -365.6801
8.6201585786e-001 2.4880227816e-001 3.0685407064e+000
207 191 166
3 6 361 -57.3200 -11.7700 7 356 -91.9800 -8.5200 8 350 -103.2600 1.0500
8.5426434575e-001 2.5490050933e-001 3.0578128267e+000
93 84 64
2 6 364 -85.0500 -2.5500 7 360 -119.3000 1.5100
9.4489028905e-001 3.0014931333e-001 3.0928791043e+000
191 186 167
2 6 373 86.5600 74.3900 7 369 63.1200 76.2600
9.0156795476e-001 4.0607655522e-001 2.9299365699e+000
14 10 10
2 6 379 -183.8300 181.6800 7 381 -184.3700 185.3000
8.8233127955e-001 4.1122599787e-001 2.9788069514e+000
20 13 11
2 6 388 -157.5100 226.4500 7 487 -165.1800 228.9800
8.4820890758e-001 1.7732959826e-001 3.0138869768e+000
187 177 150
5 6 455 -146.9300 -177.7000 7 231 -180.7100 -170.9800 8 336 -186.4800 -172.9900 9 363 -224.0900 -170.7100 13 322 -367.1900 -151.6700
1.0066749410e+000 2.1206951278e-001 3.1626685937e+000
134 111 80
2 6 461 289.1400 -77.8300 7 445 262.4900 -80.1600
9.0111084580e-001 2.1536876125e-001 3.1039182243e+000
134 115 86
2 6 464 59.4800 -72.9400 7 240 20.9200 -73.4700
8.6556035793e-001 2.9608065660e-001 2.9474976814e+000
85 63 35
2 6 480 -208.8300 21.7700 7 459 -221.4900 24.7900
8.0794131008e-001 6.7740086260e-002 3.0280918860e+000
241 244 224
2 6 512 -184.8100 -420.6100 7 841 -239.1800 -410.1700
1.0073813772e+000 6.6039953138e-002 3.1545616701e+000
175 155 130
4 6 529 315.4100 -379.9500 7 659 275.8100 -387.6300 8 475 301.2500 -406.2300 10 418 304.0000 -428.2800
7.5905297344e-001 8.8212857578e-002 3.0510201276e+000
40 27 15
2 6 536 -248.6300 -376.1600 7 529 -313.9800 -364.2000
9.5047996083e-001 2.4442404476e-001 3.1172437639e+000
219 199 166
3 6 579 140.4100 -22.0100 7 584 111.9800 -21.3800 11 436 -15.7600 34.3000
9.8915107051e-001 2.6573508784e-001 3.1512866260e+000
220 219 191
2 6 593 237.4000 25.5100 7 458 212.3500 25.1300
9.0105143309e-001 4.0223967136e-001 2.9307756069e+000
14 5 5
2 6 618 -183.4200 176.2400 7 606 -184.3100 180.1400
9.4495383425e-001 3.8595878049e-001 3.1142958162e+000
203 200 172
2 6 629 102.3800 241.2700 7 612 83.3300 243.9100
9.9993691320e-001 6.9704104277e-002 3.1633910037e+000
238 230 221
2 6 719 321.2900 -374.5000 7 666 282.1100 -383.1400
9.5294476086e-001 2.2298530626e-001 3.1034479379e+000
212 198 169
2 6 772 126.9900 -69.3700 7 752 97.3900 -68.7600
1.0570249282e+000 2.9131587975e-001 3.1425827921e+000
44 35 24
2 6 788 289.8000 47.6400 7 987 278.0400 47.5200
9.7975552191e-001 4.1254806229e-001 2.7963368368e+000
33 28 19
2 6 799 -213.3300 104.1100 7 996 -195.9400 107.1400
9.4411604041e-001 3.9988805310e-001 3.1149048974e+000
203 197 175
2 6 821 99.6900 266.3200 7 614 81.5400 269.2100
1.0009545593e+000 6.9016251881e-002 3.1530306670e+000
243 239 230
3 6 898 304.1500 -376.1100 7 856 264.1300 -384.3500 8 633 288.3800 -401.8000
7.5567996343e-001 8.9779428847e-002 3.0580199793e+000
149 130 116
2 6 906 -245.4400 -371.9399 7 885 -313.0700 -359.8700
1.1611699323e+000 2.9102169016e-001 3.1920821406e+000
60 47 34
2 6 1027 460.7000 40.2300 7 984 463.1400 37.9000
9.9369640528e-001 3.5274136685e-001 3.1233274880e+000
37 35 22
2 6 1046 179.7900 166.1100 7 1433 164.2200 169.3700
9.4334202853e-001 4.2741419527e-001 3.1098209704e+000
207 195 169
2 6 1069 86.6100 310.3000 7 622 70.9300 313.2900
8.9422190500e-001 1.6505516056e-001 3.1087566526e+000
90 75 45
2 6 1348 66.4900 -178.5600 7 925 21.4300 -177.1400
8.8777592884e-001 1.6366588492e-001 3.1152440891e+000
90 75 45
5 6 1349 66.4900 -178.5600 7 926 21.4300 -177.1400 8 1271 12.6900 -176.9300 9 1273 -30.2700 -174.5200 10 1227 -40.2700 -167.0900
1.0095573857e+000 1.7535243144e-001 3.0778372549e+000
60 48 22
3 6 1350 166.0800 -176.1900 7 924 143.4700 -177.5400 9 958 156.5200 -173.3700
9.9670077638e-001 2.4310228862e-001 3.1223601034e+000
128 120 101
2 6 1390 204.9700 -32.4300 7 1357 181.8700 -32.8500
8.7886230086e-001 2.4543226150e-001 3.0756052208e+000
55 50 31
3 6 1397 -20.9800 -20.0200 7 1364 -55.1300 -16.9200 8 929 -63.0400 -6.9300
8.6451119073e-001 2.9425788673e-001 2.9432143851e+000
209 187 163
3 6 1417 -215.0000 15.5200 7 1388 -227.4900 19.0300 9 1358 -245.6000 38.9800
1.1542037823e+000 4.1473554736e-001 3.2037299554e+000
198 200 169
2 6 1521 440.0400 245.3300 7 1477 447.0500 250.0200
8.9583604545e-001 7.5440651379e-002 3.0517404139e+000
14 7 3
3 5 16 84.8300 -377.7600 6 41 -2.4500 -386.4000 7 51 -53.0200 -383.9399
9.3324162557e-001 2.6019032084e-001 3.1352394849e+000
231 227 200
2 5 60 220.2600 33.6500 6 63 144.3600 23.7400
9.0609776552e-001 4.1706918122e-001 3.1717074476e+000
221 211 184
2 5 132 193.9400 381.9800 8 124 96.7300 410.3400
9.0266889607e-001 7.4579676760e-002 3.0521909535e+000
96 92 80
3 5 138 99.1500 -380.2600 6 140 9.1200 -386.8600 7 171 -41.8300 -385.6500
8.9678879614e-001 8.1968107110e-002 3.0499036983e+000
29 24 18
3 5 139 85.0000 -366.1000 6 142 -5.0000 -371.9399 7 136 -53.4300 -368.3199
9.5594748513e-001 2.4067666604e-001 3.1487123569e+000
45 44 32
2 5 193 275.3800 -6.8500 6 190 199.4800 -14.4000
9.2531300909e-001 2.1495859659e-001 3.1162374535e+000
145 122 91
4 5 244 187.7500 -66.8100 6 355 107.8700 -74.7900 7 347 77.3100 -73.9200 8 238 82.1700 -65.2700
9.1240004364e-001 3.4092268182e-001 3.1359451948e+000
228 223 193
2 5 497 181.4000 204.6900 6 492 100.3500 192.6800
9.2547014195e-001 6.7996030694e-002 3.0379899360e+000
243 246 229
