# Bundle file v0.3
18 3185
1.5581805887e+003 9.1745317108e-002 -9.1168796921e-002
7.0681193112e-002 1.9013458360e-001 -9.7921040081e-001
-1.8382296624e-001 9.6733545236e-001 1.7456013204e-001
9.8041485404e-001 1.6766324205e-001 1.0332352705e-001
-6.3003432642e+000 3.7038475825e-001 -2.0220763601e+000
1.5631988570e+003 9.6949732905e-002 -9.2335875732e-002
3.4389097812e-001 1.9932472273e-001 -9.1761029314e-001
-2.2604656855e-001 9.6604615731e-001 1.2513101450e-001
9.1139560237e-001 1.6439123106e-001 3.7727122755e-001
-5.9581346355e+000 2.1626825337e-001 -3.3272517912e-001
1.5791888831e+003 1.1442419779e-001 -1.8722624883e-001
7.6949857980e-001 -1.1698719162e-001 6.2784228329e-001
1.1338962687e-001 9.9248705098e-001 4.5959179145e-002
-6.2850197152e-001 3.5825279153e-002 7.7698251021e-001
3.7789425966e+000 -4.4983467238e-001 2.6392639664e+000
1.5866651196e+003 1.0790797384e-001 -1.3795117429e-001
6.6563010284e-001 -1.4078031124e-001 7.3288298531e-001
1.2785405535e-001 9.8903865021e-001 7.3863989311e-002
-7.3524819396e-001 4.4535966967e-002 6.7633323216e-001
4.5277372901e+000 -3.1728635331e-001 2.0646566859e+000
1.5867227739e+003 1.0471622425e-001 -1.6054702114e-001
4.8909289534e-001 -1.7916141880e-001 8.5363301585e-001
1.7335689686e-001 9.7911933855e-001 1.0617300593e-001
-8.5483070022e-001 9.6054707810e-002 5.0993917977e-001
5.3458360486e+000 -9.0767434820e-002 1.0603759735e+000
1.5868799111e+003 1.2046490292e-001 -2.0676566717e-001
3.1616411416e-001 -1.8700865812e-001 9.3009032610e-001
1.7360306089e-001 9.7522983800e-001 1.3707202605e-001
-9.3268549370e-001 1.1812927183e-001 3.4079795329e-001
5.8870731513e+000 7.0475059000e-002 7.1207951801e-003
1.5959029328e+003 9.7214039703e-002 -1.8814121829e-001
3.2471188905e-002 -2.0549161129e-001 9.7812004354e-001
1.9704150326e-001 9.6074579474e-001 1.9530018917e-001
-9.7985726914e-001 1.8638861441e-001 7.1686934187e-002
6.2793327796e+000 4.5691749057e-001 -1.6962297167e+000
1.6001193994e+003 9.2074444830e-002 -1.7392017736e-001
-2.7776236375e-001 -1.8625930290e-001 9.4242004508e-001
2.1104135128e-001 9.4522651151e-001 2.4901483889e-001
-9.3718174189e-001 2.6805655004e-001 -2.2323993514e-001
6.1261695340e+000 8.3557976647e-001 -3.6119323518e+000
1.6049567449e+003 7.0865545994e-002 -1.1052290008e-001
-5.2663416240e-001 -1.5306810743e-001 8.3619771196e-001
1.8381510275e-001 9.3988050365e-001 2.8781356267e-001
-8.2998100400e-001 3.0527822285e-001 -4.6683695190e-001
5.4971098592e+000 1.0457643979e+000 -5.1907714107e+000
1.6120117656e+003 6.5962170136e-002 -1.1388078026e-001
-6.8259203200e-001 -1.2328522357e-001 7.2032553162e-001
1.9220514184e-001 9.2068031033e-001 3.3971304012e-001
-7.0507113209e-001 3.7033568533e-001 -6.0475298996e-001
4.7882857525e+000 1.4596643713e+000 -6.1345895300e+000
1.5638283961e+003 1.0875801063e-001 -1.7153079850e-001
5.5701560817e-001 1.7993199590e-001 -8.1077622628e-001
-1.9098296859e-001 9.7783643037e-001 8.5798724641e-002
8.0824446671e-001 1.0705322177e-001 5.7903410068e-001
-5.3315615224e+000 -7.7556151000e-002 9.9293915545e-001
1.5686227428e+003 1.0091226056e-001 -1.5852525709e-001
7.4539369855e-001 1.6160080797e-001 -6.4674060722e-001
-1.6673241196e-001 9.8453120049e-001 5.3838815525e-002
6.4543670252e-001 6.7701507528e-002 7.6080744536e-001
-4.3877463400e+000 -2.8156920930e-001 2.1975629120e+000
1.5712610907e+003 1.0406395614e-001 -1.7420708420e-001
8.5780435059e-001 1.3173320149e-001 -4.9680787005e-001
-1.3892347884e-001 9.9004407056e-001 2.2649622035e-002
4.9484539317e-001 4.9589333303e-002 8.6756494563e-001
-3.4515565745e+000 -4.7054685030e-001 2.9221650876e+000
1.5739519128e+003 9.6072047118e-002 -1.4431775477e-001
9.4504876534e-001 7.3153828773e-002 -3.1863984130e-001
-7.6777133809e-002 9.9704756740e-001 1.1916636359e-003
3.1778625341e-001 2.3338073485e-002 9.4787511386e-001
-2.3482024106e+000 -6.4409097993e-001 3.4893487472e+000
1.5695647822e+003 9.0103846544e-002 -1.1763947571e-001
9.8633781530e-001 3.6841250099e-002 -1.6056287367e-001
-3.5892289260e-002 9.9931685228e-001 8.8075149360e-003
1.6077766537e-001 -2.9242159341e-003 9.8698631768e-001
-1.3389022997e+000 -6.4741361545e-001 3.8020068461e+000
1.5744236626e+003 1.0668184895e-001 -1.9370780965e-001
9.9938920002e-001 1.3323048151e-002 3.2306706283e-002
-1.2686111470e-002 9.9972266446e-001 -1.9840784697e-002
-3.2562086215e-002 1.9418819469e-002 9.9928105155e-001
-1.0306633872e-001 -7.6897510229e-001 3.9132261260e+000
1.5738305829e+003 1.2499560169e-001 -2.2738386638e-001
9.7533449406e-001 -2.3032927055e-002 2.1952701195e-001
2.3470054641e-002 9.9972435000e-001 6.1689064439e-004
-2.1948070812e-001 4.5506362410e-003 9.7560622716e-001
1.0754831407e+000 -6.9605356166e-001 3.8368526116e+000
1.5803000361e+003 1.1320430662e-001 -2.1569345531e-001
8.9015833211e-001 -7.1272982864e-002 4.5004255987e-001
8.2372078200e-002 9.9658860640e-001 -5.0980713400e-003
-4.4814393281e-001 4.1609031616e-002 8.9299255538e-001
2.5801140165e+000 -6.9046696149e-001 3.3166386890e+000
3.2883492070e-001 -1.1267671717e-001 -6.4012539607e+000
120 106 79
8 15 125 9.4900 -481.5800 16 111 -4.9100 -515.7500 2 121 18.2100 -512.5699 14 113 5.4100 -532.2800 17 117 0.0100 -463.9700 13 119 -4.9200 -505.4800 12 147 -1.5600 -495.0100 11 230 -12.5300 -509.6400
1.2574587656e+001 9.4598245759e-001 -3.8143350814e+001
235 129 126
3 15 140 516.1100 35.6600 16 125 216.3500 22.7100 2 173 -484.6900 7.3300
1.3761682495e+001 8.6846799014e-001 -3.8537204838e+001
254 254 225
3 15 451 563.5200 31.2500 16 453 258.9700 21.0700 2 571 -439.9300 8.1700
1.4273580349e+001 8.1241914685e-001 -3.8117921853e+001
252 249 216
3 15 450 595.0900 27.6900 16 452 286.0400 18.6600 2 575 -410.0500 10.5100
1.4180816737e+001 1.3228908567e+000 -3.7653666235e+001
254 255 248
3 15 457 600.2500 52.3700 16 458 289.8400 40.9800 2 582 -407.8700 33.1600
3.7379371138e-001 9.0330620028e-002 -6.3391534612e+000
8 8 8
5 15 412 43.4400 -362.6801 16 410 30.8000 -391.7800 2 726 46.6500 -385.1000 17 430 33.8700 -340.1000 3 872 76.5800 -415.2100
1.3736830969e+001 4.6527738020e-001 -3.7710379689e+001
253 251 221
3 15 653 577.4301 13.0100 16 640 271.5800 2.5500 2 811 -422.9500 -7.4000
1.0935508374e+001 3.8082543210e+000 -3.8940830773e+001
252 254 253
4 15 742 431.9600 165.3400 16 727 134.4900 144.2000 2 858 -591.6800 129.1200 17 778 -239.5100 184.4199
1.1083422392e+001 3.6867354721e+000 -3.7689215191e+001
241 242 244
4 15 741 457.0800 164.7200 16 726 157.7900 143.5800 2 863 -562.5000 130.4600 17 777 -215.7300 184.4500
2.4950278126e-002 1.3098873712e+000 -5.7898652205e+000
250 222 174
4 15 1384 -212.9400 564.3900 16 1381 -177.6500 536.6200 2 1010 8.8900 512.2700 17 1380 -85.6200 570.7300
5.8765137710e-002 1.3467299463e+000 -5.7548121714e+000
182 154 109
5 15 2113 -186.6800 606.7700 16 1388 -144.4700 579.2700 2 1014 46.8600 551.6000 17 954 -47.3600 611.9800 4 1820 197.2700 560.4700
1.9892581688e-001 1.4309207233e+000 -5.5883952187e+000
106 94 75
9 15 601 -63.1300 745.1000 16 593 9.6300 711.7000 2 1027 230.6900 664.4700 14 546 -182.0700 684.6100 17 659 131.8800 734.6300 3 1210 325.3300 636.8700 13 855 -255.2100 708.9100 12 1058 -288.8300 719.5200 11 1664 -342.5300 691.0300
1.3447288440e+001 6.1460307748e-001 -3.7467070819e+001
249 117 119
3 15 1545 568.5601 19.6900 16 1538 263.5000 9.2200 2 1201 -431.6000 -1.6700
1.3447288440e+001 6.1460307748e-001 -3.7467070819e+001
249 117 119
3 15 1546 568.5601 19.6900 16 1539 263.5000 9.2200 2 1202 -431.6000 -1.6700
2.0617145899e+000 9.1844402991e-001 -9.8499671026e+000
159 154 134
2 15 1628 438.0200 85.0500 16 1605 229.0300 66.4800
2.0617145899e+000 9.1844402991e-001 -9.8499671026e+000
159 154 134
2 15 1629 438.0200 85.0500 16 1606 229.0300 66.4800
1.1703505671e+001 2.1381551458e+000 -3.9140224262e+001
255 252 237
4 15 1633 462.1100 89.4800 16 1615 164.7600 72.1000 2 1237 -548.6800 54.5800 17 1085 -204.9500 112.0500
1.1703505671e+001 2.1381551458e+000 -3.9140224262e+001
255 252 237
4 15 1634 462.1100 89.4800 16 1616 164.7600 72.1000 2 1238 -548.6800 54.5800 17 1086 -204.9500 112.0500
1.3475939522e+001 4.6251739278e+000 -3.7756838615e+001
250 248 224
4 15 1166 569.0699 207.1300 16 1176 255.9300 185.1000 2 1344 -459.8100 179.2300 17 1180 -119.9300 228.2300
1.2742508919e+001 4.8004460022e+000 -3.7742119469e+001
190 185 163
4 15 1798 535.3900 215.6400 16 1769 225.4200 193.1000 2 1348 -493.1300 185.9299 17 1740 -150.4600 235.8101
3.0332877684e+000 2.4020978372e+000 -1.1906681920e+001
33 9 6
4 15 1293 510.6700 362.7900 16 1962 256.3100 332.1000 2 1479 -309.6900 326.8500 3 1687 -498.6800 310.5901
1.4710884973e-001 1.3360740248e+000 -5.7101367666e+000
219 180 128
7 15 930 -110.8400 609.8800 16 910 -59.4700 579.5200 2 1593 130.8800 546.8700 14 1241 -199.7500 552.2600 17 951 41.3000 608.6200 3 1786 219.9000 522.3700 13 1314 -250.6500 577.5601
1.4686610686e-001 1.3361558247e+000 -5.7099378547e+000
219 180 128
6 15 931 -110.8400 609.8800 16 911 -59.4700 579.5200 2 1594 130.8800 546.8700 17 952 41.3000 608.6200 3 1787 219.9000 522.3700 4 1814 263.5900 553.0300
2.7541033926e-002 1.3512186250e+000 -5.7779781376e+000
206 174 123
6 15 2110 -212.9500 603.9000 16 1384 -174.4100 577.7000 2 1598 12.6700 552.3000 17 1384 -81.1500 611.6100 3 2533 108.0000 529.7000 5 1925 235.8400 527.9800
2.7541033926e-002 1.3512186250e+000 -5.7779781376e+000
206 174 123
6 15 2111 -212.9500 603.9000 16 1385 -174.4100 577.7000 2 1599 12.6700 552.3000 17 1385 -81.1500 611.6100 3 2534 108.0000 529.7000 5 1926 235.8400 527.9800
2.2801475704e-001 1.4238548697e+000 -5.5855400929e+000
160 148 122
8 15 1420 -34.3800 738.6100 16 926 37.5100 704.3600 2 1618 250.8000 655.0601 14 1267 -156.1300 679.7800 17 1402 156.7400 725.5200 3 1805 341.5600 626.6100 13 1333 -232.8800 705.4100 12 1560 -270.4900 716.6000
2.3479051148e-001 1.4310147990e+000 -5.5817180584e+000
109 98 72
7 15 943 -28.2400 747.0800 16 927 44.9600 712.2600 2 1621 256.9500 661.9200 14 1269 -150.5300 688.5701 17 1405 163.1700 733.1000 13 1335 -228.0700 714.0000 12 1564 -266.9700 724.9000
1.0793817992e-001 1.4355143601e+000 -5.6132227983e+000
110 100 75
8 15 1421 -150.5400 741.4100 16 1412 -82.2800 712.8700 2 1627 156.8100 672.3201 14 1946 -257.0300 676.5300 17 1408 45.0900 740.3700 3 2562 261.9000 647.0400 13 3092 -317.8900 698.4100 4 2622 321.1600 676.3000
-1.1690059677e-001 1.4739621613e+000 -5.7925749031e+000
112 102 77
6 15 2141 -335.3100 711.6700 16 1407 -309.2700 692.5900 2 1631 -111.1800 677.1700 17 1407 -217.3300 734.7500 4 1239 78.2400 698.4299 5 1955 178.5400 663.6100
1.3811744356e+001 5.6882480133e-001 -3.7356735841e+001
238 118 112
3 15 1543 587.7700 17.5100 16 1535 280.6500 7.5400 2 1864 -413.4600 -1.8100
1.3876981279e+001 8.9782651243e-001 -3.7587151949e+001
248 243 214
3 15 1565 586.6700 32.3900 16 1556 279.1700 22.9600 2 1869 -417.0800 12.4400
1.3712861409e+001 9.0854365771e-001 -3.7538821446e+001
230 103 90
3 15 1567 579.9600 33.2800 16 1557 273.0900 22.6300 2 1870 -423.2300 12.6000
1.3712861409e+001 9.0854365771e-001 -3.7538821446e+001
230 103 90
3 15 1568 579.9600 33.2800 16 1558 273.0900 22.6300 2 1871 -423.2300 12.6000
1.3744255935e+001 1.1187544984e+000 -3.8485408342e+001
247 240 213
3 15 1053 564.1700 42.5000 16 1567 258.4000 31.1600 2 1882 -441.0600 20.0400
1.4168338975e+001 1.1206726220e+000 -3.8014842881e+001
145 125 109
3 15 1056 592.3900 42.7100 16 1566 283.4700 31.9800 2 1883 -414.2600 23.0900
2.2343612841e+000 1.2536736099e+000 -9.7713818966e+000
193 188 169
2 15 1738 493.2100 176.9900 16 1708 276.4700 152.3800
1.2199096695e+001 4.4949047785e+000 -3.8082105861e+001
249 234 211
4 15 2701 503.7000 199.8700 16 1743 198.0400 178.0601 2 1996 -522.3400 168.8900 17 2565 -176.8600 219.7500
1.1756253766e+001 4.5163890284e+000 -3.8205668129e+001
254 234 210
4 15 1769 481.4900 200.5000 16 2595 177.5100 178.1500 2 1997 -544.9500 168.3000 17 2573 -197.4400 219.9199
1.0850627618e+001 4.5948371687e+000 -3.8555988827e+001
247 234 206
4 15 1776 434.7100 202.7900 16 1746 135.0600 180.0400 2 2000 -594.1000 168.0700 17 1717 -241.2400 220.7900
1.2408405423e+001 4.4669307851e+000 -3.7913246847e+001
243 240 212
3 15 1766 516.3800 199.1500 16 1740 209.2000 177.6000 2 2002 -509.3700 169.0800
1.2428760487e+001 4.6456452943e+000 -3.8056736144e+001
192 174 150
3 15 1784 514.9399 207.0400 16 2617 207.9900 184.6000 2 2017 -512.1800 176.3500
1.2428760487e+001 4.6456452943e+000 -3.8056736144e+001
192 174 150
3 15 1785 514.9399 207.0400 16 2618 207.9900 184.6000 2 2018 -512.1800 176.3500
1.0787316637e+001 4.9543758726e+000 -3.8617654652e+001
193 183 162
4 15 1802 431.3000 218.9299 16 2646 131.1200 195.1300 2 2031 -600.7000 184.4099 17 1748 -245.6300 236.8800
1.3404455292e+001 4.6889338971e+000 -3.7015827815e+001
191 182 161
4 15 1795 579.4100 214.2300 16 1765 265.9200 192.2700 2 2033 -449.4900 186.3000 17 1739 -110.4400 234.9299
1.0052205558e+001 4.7420604654e+000 -3.1572954925e+001
197 180 153
3 15 1200 513.2300 255.3401 16 1816 207.8200 230.6000 2 2076 -504.5800 224.9800
2.7093124361e+000 2.2736452596e+000 -1.1949399366e+001
201 152 93
4 15 1927 442.8800 336.3900 16 1927 196.6700 307.2800 2 2167 -367.0700 301.7900 3 2372 -558.3400 283.6100
1.1062976932e-001 1.4284150310e+000 -5.6143096959e+000
174 162 140
7 15 3301 -147.6800 734.0699 16 2096 -79.5900 704.9000 2 2364 158.3100 664.6899 14 3001 -254.8200 669.5800 17 2110 47.4200 732.4600 3 3661 263.5200 639.5100 13 4594 -315.9200 692.3101
1.2907961164e+001 3.9150972398e+000 -3.7759633583e+001
184 182 159
4 15 2647 541.5900 174.4099 16 2542 233.0100 153.9900 2 2915 -480.7100 145.5200 17 2524 -140.6900 195.9500
1.0582331515e+001 4.9720671596e+000 -3.8805907722e+001
187 177 152
3 15 2752 419.9200 218.6500 16 2647 119.6400 195.1699 2 3002 -613.2600 183.9600
2.5850146596e+000 2.0871494658e+000 -1.2313679976e+001
204 148 96
3 15 2878 397.1500 287.8201 16 2783 153.0800 260.9299 2 3149 -414.8400 253.7900
2.6998364673e+000 2.3880720862e+000 -1.1976990506e+001
223 172 107
4 15 3036 439.9800 358.4700 16 2926 192.6700 327.4700 2 3262 -373.9500 323.1500 3 3419 -566.9200 305.7600
3.1870843929e-001 1.4283655969e+000 -5.5766056074e+000
103 96 77
8 15 1423 53.7500 743.9301 16 1410 124.2900 705.3000 2 3531 308.8000 650.2400 14 1271 -73.7200 691.0200 17 1401 231.3100 723.2100 13 1337 -158.4600 718.8101 12 2342 -208.8300 731.1899 11 2576 -285.5800 705.3900
4.3573799382e-001 6.3012795437e-001 -6.1911647132e+000
83 69 43
7 15 3523 97.2900 -15.0800 16 3390 87.2900 -40.8200 2 3861 99.7600 -38.7100 14 3176 75.9500 -61.5200 17 2274 90.6800 3.1600 3 4014 126.2900 -62.9200 13 3222 58.2000 -40.1900
4.0867455159e-002 1.0657984828e+000 -6.2417775109e+000
249 227 180
3 15 4373 -171.0100 287.8000 16 4211 -196.2100 257.1500 2 4454 -168.0000 234.8500
2.9413579365e+000 2.3631132476e+000 -1.1939216746e+001
249 199 138
3 15 4563 490.1300 354.2000 16 4421 237.8400 323.9099 2 4641 -327.7800 318.5100
2.9911475392e+000 2.5664380167e+000 -1.1758995146e+001
95 50 11
3 15 3122 513.8400 402.9600 16 4564 258.9000 370.2100 2 4745 -308.0000 364.6200
6.7651880794e-002 1.4214647695e+000 -5.6340063061e+000
198 184 153
5 15 4905 -187.0900 719.8300 16 4773 -123.4100 692.7900 2 4945 117.2900 657.6100 17 4578 4.1300 722.9700 3 5079 226.7000 633.0701
5.0967088216e-002 1.4287577854e+000 -5.6410897304e+000
102 90 64
6 15 4910 -202.4000 724.3101 16 4776 -139.7200 698.1100 2 4953 101.6900 664.0800 14 6631 -298.1500 657.8600 17 6611 -14.7000 729.9200 3 7164 211.3900 640.3000
-1.6933084019e-002 1.4397688011e+000 -5.6873284515e+000
111 97 68
5 15 10015 -260.4000 718.2300 16 6822 -209.9000 694.8500 2 4956 25.3400 667.3700 17 4584 -92.0500 730.6600 3 5097 137.3500 645.8900
1.3512969667e+001 3.5645385654e+000 -3.7264383305e+001
245 252 253
4 15 3993 578.6600 159.2600 16 5561 266.9200 140.3200 2 5809 -442.4500 133.6200 17 5402 -106.5800 183.9099
1.0592264638e+001 3.9607933392e+000 -3.8615516981e+001
237 241 242
3 15 5799 421.3800 173.4299 16 5630 124.1700 152.0100 2 5827 -603.4000 137.5300
1.3225509181e+001 3.7053437074e+000 -3.7453059397e+001
196 205 207
3 15 4009 561.8400 164.6900 16 5603 251.3700 146.1900 2 5829 -459.4900 138.6500
2.9516425226e+000 2.3938320424e+000 -1.1962468842e+001
66 25 0
4 15 6469 490.7600 358.9700 16 6365 237.8300 328.9800 2 6481 -328.5000 323.3301 3 4812 -518.8500 306.9199
2.9914116917e+000 2.5957040703e+000 -1.1775124543e+001
251 229 177
4 15 4685 512.7600 407.9600 16 6517 257.7400 375.1700 2 6629 -309.7600 369.4399 3 6845 -498.7600 355.1400
2.9914116917e+000 2.5957040703e+000 -1.1775124543e+001
251 229 177
4 15 4686 512.7600 407.9600 16 6518 257.7400 375.1700 2 6630 -309.7600 369.4399 3 6846 -498.7600 355.1400
1.3307386498e-001 2.0001537095e-001 -6.2207413581e+000
124 106 81
3 15 7132 -115.7600 -306.8900 16 6985 -115.2900 -348.0800 2 7087 -33.4300 -365.1899
1.3540612822e+001 7.4524431218e-001 -3.7708387233e+001
255 238 215
3 15 7602 568.6100 25.9100 16 7483 263.1800 15.1500 2 7736 -432.9400 3.9100
3.0255282749e+000 2.2641457057e+000 -1.1924848334e+001
253 206 148
4 15 9092 507.1600 334.5500 16 8872 254.0500 305.4900 2 9105 -309.3300 299.8700 3 9225 -497.4000 282.5000
2.6451564992e+000 2.2973382280e+000 -1.1939718158e+001
198 154 90
4 15 9115 431.2500 341.7500 16 8908 185.2200 312.0601 2 9145 -378.0700 306.8600 3 9252 -570.5200 289.1699
3.0816486600e+000 2.2603803750e+000 -1.1931001269e+001
205 133 69
3 15 1922 517.9500 333.4199 16 1923 263.4200 304.3600 3 2368 -487.5800 281.4600
2.6778520700e+000 2.2999912833e+000 -1.1911220614e+001
243 193 137
3 15 2998 439.4700 343.4200 16 2902 192.9600 313.6200 3 3393 -561.2900 290.7700
9.5504732362e-002 1.3422132713e+000 -5.7334485946e+000
210 176 128
4 15 2114 -154.7500 608.9100 16 1389 -109.4500 580.0000 17 1383 -9.9700 611.4700 3 3617 176.6200 526.5800
4.1191337980e-001 1.0865467000e+000 -5.9627704257e+000
238 204 159
8 15 1270 101.3800 334.3900 16 1271 109.4600 303.6300 14 1103 50.5300 288.9299 17 2859 137.1900 336.6899 13 1184 16.4600 314.9700 12 1432 6.1000 326.6100 11 1041 -38.4000 314.6400 10 999 -56.8600 308.7100
2.9088214737e-001 1.4920760722e-001 -6.3338831608e+000
99 85 67
6 15 1437 -10.1100 -324.9000 16 2130 -22.6000 -357.9200 14 1299 -19.2200 -370.5800 13 873 -29.3200 -343.2100 12 1074 -22.5500 -329.9800 11 1125 -33.0500 -340.8600
3.0218113255e-001 4.9435316497e-001 -6.2646689437e+000
76 60 37
6 15 1461 1.8000 -103.5900 16 2180 -10.7900 -133.7400 14 1315 -11.2500 -147.7800 13 1401 -20.6100 -122.5000 12 1645 -9.7000 -110.6100 11 1768 -20.8200 -122.4200
2.9562633569e-001 7.8054466983e-001 -6.1993644207e+000
60 53 25
6 15 2498 1.5800 90.3000 16 3579 -10.3800 60.4800 14 2219 -16.1900 46.3700 13 1554 -24.8000 71.9100 12 1848 -10.4700 83.8300 11 2091 -22.1400 71.7700
2.7267835632e-001 5.9841768453e-001 -6.2182294717e+000
116 107 82
6 15 5162 -16.3000 -34.7600 16 5018 -25.6500 -65.3400 14 4866 -33.9300 -77.7800 13 3212 -44.6300 -51.9500 12 3865 -33.4900 -38.6900 11 4408 -45.0400 -49.5400
3.2397023895e-001 -2.4299409499e-001 -6.3886981660e+000
121 148 190
5 15 42 6.3200 -568.2800 16 40 -3.8700 -601.6700 14 33 -0.4900 -620.1801 13 39 -16.6800 -593.3199 12 38 -20.6100 -580.9301
2.7570848495e-001 -3.3892549436e-002 -6.3675836601e+000
87 81 55
5 15 188 -21.9800 -438.4700 16 165 -33.6500 -475.2100 14 117 -30.1200 -484.2600 13 122 -39.9000 -455.5200 12 149 -35.1000 -439.6000
4.1015430621e-001 1.0885605892e+000 -5.9604679293e+000
236 200 150
3 15 537 100.1000 336.5100 16 832 108.8100 304.6599 12 637 3.8700 328.9299
3.1666723070e-001 -1.3436085731e-001 -6.4155497919e+000
133 121 89
5 15 948 2.2000 -493.6200 16 932 -12.4600 -528.2700 14 835 -1.0400 -543.4700 13 551 -10.2200 -515.0000 12 706 -5.3600 -503.1000
3.7135785048e-001 1.4114110241e+000 -5.5827360780e+000
188 171 143
5 15 1415 102.8500 723.6600 16 2088 171.6000 684.0701 14 1265 -22.7100 673.0601 17 3158 267.5400 700.4600 12 1056 -166.4500 714.6600
3.0422717677e-001 1.4155980135e+000 -5.5775866851e+000
109 102 82
5 15 942 38.7100 732.3000 16 924 110.1300 694.5200 14 829 -87.1300 678.0400 13 1331 -171.2200 704.1000 12 1559 -219.9400 716.4700
3.0542519337e-001 7.7703555202e-001 -6.2059866202e+000
153 144 115
5 15 1631 8.1500 87.1800 16 2383 -4.6500 58.1500 14 1467 -8.7000 43.8600 13 1551 -17.3500 69.0900 12 1844 -2.7800 80.2400
2.8259575033e-001 7.4996135318e-001 -6.1931592894e+000
40 30 18
4 15 2466 -7.5400 69.6900 16 2361 -17.8500 39.4300 13 2283 -36.5500 51.4100 12 2763 -23.2300 63.6900
3.0481170557e-001 1.4309271233e+000 -5.5745227787e+000
103 93 68
4 15 2152 39.3300 748.4500 16 2097 111.4900 710.2200 13 2053 -170.8300 720.9399 12 3556 -219.4700 733.0300
3.0570521681e-001 5.4604658560e-002 -6.3664714589e+000
62 54 31
4 15 3335 -2.2400 -381.2700 16 4836 -15.7300 -414.9700 14 3059 -8.7200 -428.1899 12 3645 -12.0800 -389.2400
3.1024728113e-001 6.5874388462e-001 -6.2310485719e+000
150 136 107
5 15 2326 9.6800 6.1400 16 2285 -3.0500 -23.2900 14 3233 -5.8000 -37.4900 13 3246 -14.8700 -12.4300 12 3936 -1.6700 -1.9200
3.0949372906e-001 5.4094912134e-001 -6.2582370889e+000
170 155 124
4 15 5091 7.3600 -72.4700 16 7189 -5.8100 -102.9600 14 7055 -6.0300 -116.9000 12 5600 -3.6900 -80.4100
3.2750757480e-001 -1.1171190487e-001 -6.3997626552e+000
120 106 79
5 15 126 9.4900 -481.5800 16 112 -4.9100 -515.7500 14 114 5.4100 -532.2800 17 118 0.0100 -463.9700 13 120 -4.9200 -505.4800
3.8856222661e-001 5.0667932104e-002 -6.3571678473e+000
129 115 89
4 15 129 51.7900 -385.4600 16 113 37.6100 -415.3101 14 121 43.9700 -437.1000 13 125 31.8700 -413.3300
1.2674116924e-001 1.4303369719e+000 -5.6091073376e+000
125 117 98
5 15 406 -132.8700 737.5900 16 404 -63.1900 707.7500 14 384 -241.7900 674.0601 17 414 63.7100 734.3800 13 379 -305.6300 696.9200
2.9993452313e-001 4.7364073651e-001 -6.2670714598e+000
72 55 35
4 15 968 0.1200 -117.6700 16 1448 -12.3200 -148.3800 14 568 -13.0900 -161.1700 13 567 -22.0700 -135.0200
2.9203028747e-001 8.5336982008e-001 -6.1804455668e+000
45 36 27
5 15 724 0.3300 142.0700 16 1098 -11.3000 112.1900 14 653 -19.0600 97.9100 17 1621 -1.4600 148.4000 13 667 -28.0800 123.0000
3.9058478158e-001 -8.0619600620e-002 -6.3668042295e+000
9 8 5
4 15 604 51.2600 -468.7700 16 934 39.8900 -498.7300 14 391 42.0300 -521.2800 13 862 29.4400 -499.9200
2.9841671732e-001 6.7445902910e-001 -6.2258267407e+000
70 55 34
4 15 1037 1.9200 17.5100 16 1514 -10.6400 -13.0800 14 899 -13.7800 -26.9800 13 919 -22.5000 -1.0500
3.0838726034e-001 8.9188770407e-001 -6.1819354449e+000
148 138 111
4 15 1147 11.9400 168.8000 16 1123 -0.8700 139.6000 14 991 -6.5100 123.9600 13 1047 -15.1300 149.2500
3.1918598426e-001 1.4278923238e+000 -5.5763572417e+000
103 96 77
4 15 1422 53.7500 743.9301 16 1409 124.2900 705.3000 14 1270 -73.7200 691.0200 13 1336 -158.4600 718.8101
3.1070877229e-001 4.5307134527e-001 -6.2770435369e+000
145 132 101
5 15 3373 6.9100 -130.6900 16 3266 -6.4500 -160.3900 14 3099 -5.0000 -175.2000 17 3262 -0.4700 -118.6800 13 3171 -14.4600 -149.8500
3.0896538936e-001 5.8997826815e-001 -6.2485426574e+000
160 147 114
4 15 3460 7.3900 -40.1200 16 3352 -5.4600 -69.5400 14 3147 -5.9700 -84.0200 13 3208 -14.9100 -58.9100
3.1110231326e-001 6.0108980031e-001 -6.2444093464e+000
159 148 116
4 15 1498 9.4500 -32.3500 16 2247 -3.8100 -62.2500 14 2060 -5.0000 -76.4500 13 3211 -13.8700 -52.0500
9.8600409089e-002 1.1612007699e+000 -9.8843184737e+000
72 57 24
4 15 3987 -80.9800 156.0300 16 3734 -278.8500 125.1400 14 3638 102.9300 111.2500 13 3654 265.2300 134.1100
4.7331496418e-001 1.4312139817e+000 -5.6917213607e+000
247 216 178
4 15 6944 186.4100 696.4399 16 6783 224.0100 654.0800 14 6626 86.1000 651.6700 13 4588 15.9300 685.1899
3.2086273802e-001 1.4170760674e+000 -5.5795035793e+000
109 94 75
4 15 6981 54.8100 732.3400 16 6818 125.5800 693.4800 17 9510 231.9800 711.2300 13 6608 -156.9200 706.5701
2.6831911526e-001 6.2354964012e-001 -6.2153298140e+000
126 115 90
4 15 5190 -18.8000 -17.9400 16 5038 -28.7100 -48.7600 14 4891 -36.4100 -60.3400 13 7087 -46.9500 -34.2000
1.3884480782e-001 2.0999336672e-001 -6.2519787545e+000
19 22 15
3 15 194 -111.0300 -295.9399 16 172 -114.7100 -336.3500 14 189 -127.6800 -333.7300
2.6854857520e-001 1.4266059434e-001 -6.3142532072e+000
102 91 69
3 15 301 -24.8700 -332.2700 16 413 -34.2600 -365.9399 14 275 -35.9900 -376.7900
2.9260011640e-001 6.1152566335e-001 -6.2338129516e+000
75 62 45
3 15 442 -2.7400 -25.6300 16 436 -14.7400 -56.5000 14 283 -18.2100 -68.4900
2.9598728236e-001 5.7475977790e-001 -6.2419644430e+000
82 69 50
3 15 435 -1.1200 -50.2500 16 625 -13.0000 -80.8700 14 411 -15.8500 -93.8400
1.4026134789e-001 1.4159860174e+000 -5.6072295181e+000
201 187 158
3 15 600 -119.7000 723.8300 16 590 -49.5000 693.7000 14 826 -230.2400 661.6200
2.7532383989e-001 4.7416825587e-001 -6.2464892387e+000
102 90 68
4 15 969 -15.9700 -117.9000 16 1447 -25.5700 -149.4400 14 858 -31.8100 -161.1700 17 2197 -13.4100 -109.5500
2.8259384702e-001 7.9249125198e-001 -6.1902802190e+000
116 109 83
3 15 1642 -7.5200 98.9500 16 2406 -17.8900 69.4600 14 957 -25.4400 54.9700
3.8735756303e-001 1.4308004098e+000 -5.5805464989e+000
73 60 41
3 15 2150 119.1300 743.9301 16 1408 185.1100 701.6300 14 1272 -7.8600 693.6100
3.2904719057e-001 7.3135083611e-001 -6.2122300041e+000
119 105 78
3 15 1591 24.0700 55.8600 16 1561 10.7800 26.9900 14 1425 6.8500 11.4100
2.8975722924e-001 8.0159054434e-001 -6.1938232778e+000
65 57 34
3 15 1647 -1.8600 105.4400 16 2414 -14.0300 74.7800 14 1486 -20.2000 61.6300
2.5279212615e-001 1.7017429963e-001 -6.2986415685e+000
95 82 63
3 15 3348 -34.5600 -315.9399 16 4852 -43.0800 -351.1300 14 3065 -47.6100 -359.7300
-1.0097287666e+000 1.2128915811e-001 -1.0234076638e+001
159 179 168
3 15 3394 -363.3200 -108.9900 16 2156 -581.0000 -163.0400 14 3118 -167.2200 -140.7500
2.6293166213e-001 5.9815525803e-001 -6.2090034646e+000
108 100 79
3 15 3473 -22.9400 -35.2100 16 5015 -30.9000 -66.2100 14 3151 -41.4800 -78.1400
1.8130099762e+000 1.8068845562e+000 -1.6181804392e+001
198 193 187
3 15 4032 155.5300 171.4000 16 3809 -95.8500 146.3600 14 3694 413.8101 126.1500
-8.2633053803e-001 1.3917164536e+000 -9.0598642779e+000
57 26 6
3 15 4269 -375.0100 253.6200 16 2702 -580.4800 221.9399 14 3959 -193.3500 206.7500
2.3584215398e-001 -9.2127132128e-002 -6.3368427821e+000
99 92 73
3 15 3320 -49.0800 -482.7100 16 4817 -54.8200 -521.5200 14 4694 -59.9500 -527.3900
-9.7274205613e-001 1.7544444542e-001 -1.0222160366e+001
175 191 199
3 15 3400 -354.3800 -95.5600 16 3275 -571.0300 -148.1100 14 4804 -158.6800 -128.4900
-1.1403218141e+000 2.9768623849e-001 -1.0116659716e+001
42 43 44
3 15 5106 -402.9200 -65.9600 16 4941 -625.2200 -119.0600 14 4832 -204.6400 -98.3700
-1.1403218141e+000 2.9768623849e-001 -1.0116659716e+001
42 43 44
3 15 5107 -402.9200 -65.9600 16 4942 -625.2200 -119.0600 14 4833 -204.6400 -98.3700
2.6973020517e-001 8.4698041909e-002 -6.3310148037e+000
143 133 117
3 15 4975 -24.5800 -367.5000 16 6957 -34.9300 -402.4700 14 6857 -34.7300 -412.5699
2.3193574976e-001 1.7596265784e-001 -6.2781401495e+000
21 11 0
3 15 7129 -48.5900 -314.9800 16 4853 -54.2100 -351.1500 14 6911 -63.6400 -357.9500
-8.5930065775e-001 5.8983596096e-002 -1.0172899634e+001
64 49 8
2 15 61 -327.8500 -126.4400 16 57 -539.3600 -179.1600
-5.2782354458e-001 2.5282358410e-001 -1.0225788252e+001
165 186 208
2 15 64 -240.5800 -77.2600 16 41 -445.5900 -121.6000
3.3763225346e-001 -1.9074346641e-002 -6.3802430814e+000
115 102 79
2 15 86 17.9000 -426.9700 16 78 2.9500 -458.2100
2.7508311116e-001 -3.2045614073e-002 -6.3589204666e+000
87 81 55
2 15 189 -21.9800 -438.4700 16 166 -33.6500 -475.2100
1.5754963338e-001 9.9059015911e-002 -6.2813278321e+000
17 17 19
2 15 191 -98.4700 -366.0601 16 169 -103.7000 -407.3000
1.5003956972e-001 1.4287428625e+000 -5.6003610522e+000
109 101 80
2 15 289 -110.6000 738.9000 16 254 -39.1700 708.3700
3.1969696676e-001 -1.8585073099e-001 -6.4253091757e+000
111 99 73
3 15 292 3.7700 -525.2400 16 406 -11.8700 -558.2200 17 421 -8.6800 -505.7300
2.4455706325e-001 8.0328527601e-002 -6.3489005847e+000
6 8 8
2 15 298 -40.7300 -367.6801 16 265 -53.6700 -403.4500
2.4455706325e-001 8.0328527601e-002 -6.3489005847e+000
6 8 8
2 15 299 -40.7300 -367.6801 16 266 -53.6700 -403.4500
3.1754522976e-001 1.4746643152e-001 -6.3393227389e+000
139 123 98
2 15 302 7.4600 -325.1500 16 267 -6.4500 -357.1600
3.6735191479e-002 1.4363476602e+000 -5.6510603283e+000
85 72 55
2 15 405 -214.9400 728.1100 16 403 -154.6900 702.8300
2.5427240805e-001 1.9434574523e-003 -6.3389894298e+000
15 14 12
2 15 408 -35.0200 -420.1100 16 407 -45.0100 -457.5200
2.5427240805e-001 1.9434574523e-003 -6.3389894298e+000
15 14 12
2 15 409 -35.0200 -420.1100 16 408 -45.0100 -457.5200
-9.9601264479e-001 1.9806780816e-001 -1.0221365377e+001
158 179 209
2 15 427 -360.2900 -89.7000 16 422 -577.9200 -142.3400
2.7677581950e+000 2.2572560260e+000 -1.1988721972e+001
220 184 130
2 15 535 452.0400 331.2100 16 831 204.2900 303.1599
3.6522730003e-001 -4.3513497140e-002 -6.3611079570e+000
130 119 89
2 15 607 36.0800 -445.8700 16 598 23.5300 -476.8900
-3.8679451816e-002 1.3705162805e+000 -5.8585550021e+000
197 168 124
2 15 926 -260.5500 598.4000 16 587 -239.5900 572.7800
-2.5188288388e-002 1.4362001864e+000 -5.6965833493e+000
202 186 153
3 15 940 -266.5300 712.0300 16 922 -219.1900 688.3000 17 657 -101.6400 723.9600
2.4727853438e-001 -8.9181679734e-002 -6.3431388979e+000
9 5 3
2 15 949 -40.4200 -478.9600 16 1419 -48.7600 -518.2500
3.9820764630e-001 -6.8785736997e-002 -6.3652625418e+000
131 121 95
2 15 951 56.9400 -461.7300 16 936 43.9900 -490.5400
2.3725574146e-001 1.9000911197e-001 -6.2736112429e+000
91 78 59
2 15 955 -44.2800 -306.6100 16 942 -50.6400 -341.6500
-9.7982619628e-001 7.6445256890e-002 -1.0193212331e+001
171 189 205
2 15 967 -357.8700 -120.8200 16 611 -573.5800 -176.0000
-9.8629541698e-001 1.5178074914e-001 -1.0226702793e+001
49 40 21
2 15 973 -357.6700 -101.3900 16 953 -574.6600 -154.4600
-1.0773971334e+000 2.9405617428e-001 -1.0168762344e+001
102 84 21
2 15 984 -383.7800 -66.6500 16 962 -604.2500 -117.9200
-1.1503379798e+000 3.2747768713e-001 -1.0111485299e+001
171 185 196
2 15 986 -405.9300 -58.4400 16 966 -628.5500 -111.0100
1.7457124059e-001 6.4034293258e-001 -6.1246729057e+000
62 49 32
2 15 1019 -84.4100 -6.6200 16 1499 -82.2300 -40.4300
3.0784932499e-001 7.0798436089e-001 -6.2160291695e+000
150 136 109
2 15 1052 9.0400 39.2900 16 1020 -3.5400 11.0600
2.9487378349e+000 2.2528442735e+000 -1.2240944602e+001
245 200 139
2 15 1258 471.0300 321.2000 16 1266 219.5700 292.7300
3.0468568078e+000 2.6087862670e+000 -1.1843770249e+001
243 222 154
2 15 1321 518.8500 407.2500 16 2008 262.9600 374.5100
3.0886558439e+000 2.6460445958e+000 -1.1781810057e+001
12 0 0
2 15 1328 531.9700 417.6700 16 1333 274.9200 384.3300
3.0886558439e+000 2.6460445958e+000 -1.1781810057e+001
12 0 0
2 15 1329 531.9700 417.6700 16 1334 274.9200 384.3300
3.0886558439e+000 2.6460445958e+000 -1.1781810057e+001
12 0 0
2 15 1330 531.9700 417.6700 16 1335 274.9200 384.3300
3.3357556016e-001 -1.7664905326e-001 -6.4091825710e+000
115 103 76
2 15 1429 13.2400 -521.8199 16 1417 -1.3400 -555.5000
2.3162886492e-001 2.3024867584e-001 -6.2777618727e+000
105 95 69
2 15 1443 -47.6800 -278.9500 16 944 -55.5000 -313.9700
3.0209365403e+000 1.0736250888e+000 -1.0385419308e+001
106 88 49
2 15 1657 632.0800 114.7800 16 1650 391.4800 100.9400
7.7578954581e-002 1.0723832332e+000 -6.2327042550e+000
227 200 147
2 15 1879 -146.3600 293.1200 16 1862 -169.4500 262.1000
9.8543373349e-002 1.0815786738e+000 -6.2201927297e+000
233 206 160
2 15 1887 -132.2800 300.0701 16 1872 -153.8500 270.3900
3.0712143419e+000 2.3486012789e+000 -1.1885682842e+001
173 117 54
2 15 1944 519.2900 352.9299 16 1945 265.0300 323.1200
2.7707866765e+000 2.3880728350e+000 -1.1936767141e+001
226 177 108
2 15 1950 456.6000 359.7000 16 1951 207.8000 329.3800
3.0000319449e+000 2.6785399018e+000 -1.1710019914e+001
255 235 179
2 15 2021 519.5800 428.2900 16 2024 264.1500 394.3300
3.3039582473e-001 1.4175946885e+000 -5.5775686825e+000
116 106 85
2 15 2148 63.9300 733.0500 16 2094 134.5800 694.1200
3.1023168266e-001 -2.3112955411e-001 -6.4244517506e+000
124 150 179
2 15 2158 -2.2700 -552.3800 16 1413 -17.1700 -589.5000
2.3243133336e-001 -1.5741507102e-001 -6.3502508643e+000
102 95 76
3 15 2163 -51.4400 -522.5100 16 2106 -57.1800 -562.7200 17 2120 -39.0700 -515.4100
2.6110518470e-001 7.0969238609e-002 -6.3161854915e+000
109 93 77
2 15 2176 -29.7500 -378.8199 16 2119 -38.6400 -414.8600
1.6310990783e-001 4.2109047652e-001 -6.1583438413e+000
86 86 76
2 15 2210 -94.0100 -160.9700 16 2145 -90.8900 -196.3500
1.5644504718e-001 4.2998077327e-001 -6.1572901489e+000
132 123 98
2 15 2211 -98.6400 -154.4400 16 1432 -95.6200 -190.6200
3.1018480814e-001 4.6953715526e-001 -6.2697279377e+000
148 133 102
2 15 2220 7.1200 -119.8600 16 2161 -6.1600 -149.9900
-1.0680901788e+000 1.6642544909e-001 -1.0158759542e+001
161 174 197
2 15 2234 -382.2500 -99.2600 16 1445 -601.1800 -153.0200
-1.1478021762e+000 3.5880416362e-001 -1.0106903704e+001
65 42 16
2 15 2262 -405.4500 -50.4000 16 1461 -628.2000 -102.4400
1.1591097428e-001 1.1533364291e+000 -9.9700194966e+000
213 211 194
2 15 2600 -76.8300 151.7900 16 2495 -274.5600 121.1900
2.9581388645e+000 2.2283803683e+000 -1.2308100601e+001
57 18 3
2 15 2943 468.4700 314.1300 16 2849 216.9400 286.1200
4.7132782524e-001 1.1064350203e+000 -6.0027391949e+000
200 175 139
2 15 2995 143.7200 342.7700 16 4400 143.4000 311.8900
2.7247845587e+000 2.3143718339e+000 -1.1881596743e+001
106 61 28
2 15 3004 450.6300 347.4399 16 2906 203.4100 317.4600
3.1127237583e+000 2.3895470219e+000 -1.1895258908e+001
97 50 21
2 15 3039 527.0400 360.7700 16 4441 271.5700 330.2400
2.6611907198e+000 2.4195409784e+000 -1.2049875446e+001
216 167 108
2 15 3040 428.3199 361.2600 16 1960 180.9200 331.6100
3.0821097072e+000 2.4129780174e+000 -1.1922335166e+001
230 179 122
2 15 3055 519.1500 364.5000 16 2940 264.1100 333.6100
4.7086444552e-001 1.1340920045e+000 -5.9977000243e+000
206 177 143
2 15 3056 144.2300 364.4299 16 4451 143.8500 334.0400
3.0497841699e+000 2.7247598433e+000 -1.1783126220e+001
39 15 0
2 15 3164 524.4800 433.6000 16 3057 267.6000 399.8101
3.0497841699e+000 2.7247598433e+000 -1.1783126220e+001
39 15 0
2 15 3165 524.4800 433.6000 16 3058 267.6000 399.8101
2.6056892430e-001 -1.7716495573e-001 -6.3680035225e+000
80 77 59
2 15 3315 -32.7700 -531.4700 16 4808 -42.0600 -570.0200
1.4284348752e-001 1.8302217771e-001 -6.2054235481e+000
145 131 105
2 15 3347 -109.3800 -320.5000 16 2129 -106.8600 -362.4500
2.3426881227e-001 3.1908265092e-001 -6.2504161855e+000
154 143 113
2 15 3355 -45.0300 -222.3101 16 3237 -51.5900 -256.5300
2.3373409269e-001 3.3234076801e-001 -6.2440693558e+000
163 149 120
2 15 3356 -45.2400 -213.7100 16 3239 -51.3300 -248.4100
-8.1159498817e-001 -6.6997633333e-002 -1.0239638554e+001
69 61 41
2 15 3361 -313.1300 -156.3100 16 3240 -523.1400 -210.3101
2.6373700064e-001 4.3727447682e-001 -6.2405999716e+000
60 49 27
2 15 3367 -23.9400 -143.5600 16 4903 -32.3400 -175.0800
-1.0093681587e+000 1.0032104861e-001 -1.0233217679e+001
49 61 55
2 15 3387 -363.4100 -114.2200 16 3257 -580.7900 -168.4100
-1.0093681587e+000 1.0032104861e-001 -1.0233217679e+001
49 61 55
2 15 3388 -363.4100 -114.2200 16 3259 -580.7900 -168.4100
3.0233971206e-001 4.8267474148e-001 -6.2681132812e+000
84 68 45
2 15 3391 2.0200 -111.2100 16 3279 -11.2800 -141.3800
-9.8054842322e-001 1.2559940387e-001 -1.0220212028e+001
178 178 180
2 15 3395 -356.5900 -108.0900 16 2158 -573.0900 -161.6600
-9.8085576649e-001 3.9131468092e-001 -9.9725598681e+000
71 65 32
2 15 3455 -368.6300 -44.6600 16 2215 -584.0900 -93.2800
3.0715626710e-001 6.1351823425e-001 -6.2389706745e+000
143 131 104
2 15 3499 7.1400 -24.2200 16 3371 -5.9100 -54.0000
3.3506369902e-001 7.7935654761e-001 -6.1923117829e+000
88 74 47
2 15 3807 29.2100 88.9700 16 2387 17.2700 60.6700
-8.0220318222e-001 9.0500706098e-001 -1.0046660169e+001
72 59 55
2 15 3809 -316.4500 89.1800 16 3565 -531.8900 51.0800
1.2139136402e+001 3.1163255837e+000 -3.8035489538e+001
253 251 216
3 15 3936 500.4800 136.4100 16 3708 197.0800 117.5800 17 3682 -174.0500 158.7400
3.7402419075e-002 1.1423265676e+000 -1.0014563627e+001
180 158 89
2 15 3967 -97.0900 148.1400 16 3709 -296.4100 117.5200
1.8418203877e+000 1.7387127252e+000 -1.6189048532e+001
66 56 44
3 15 3999 158.9400 162.6000 16 5547 -92.2000 136.9200 17 5353 -427.2200 171.2900
1.0390002348e-001 1.1966028693e+000 -9.9420873682e+000
57 48 32
3 15 4008 -79.3900 163.9100 16 2512 -278.7400 133.6700 17 2464 -541.9500 160.9600
1.1919030719e+001 4.3371520138e+000 -3.7863108580e+001
210 199 178
3 15 4093 494.3700 193.4900 16 3906 189.4100 172.2200 17 3835 -184.8600 213.8600
1.0664525327e+001 4.9265654892e+000 -3.8679413740e+001
250 245 220
3 15 4162 425.0800 217.1599 16 3985 125.1000 193.9399 17 3886 -252.1800 235.0901
3.7750862686e-001 1.0529570589e+000 -5.9691100892e+000
235 211 171
2 15 4425 73.7900 307.1599 16 4288 83.4500 277.0500
2.9774502139e+000 2.2133113977e+000 -1.2253135243e+001
73 31 5
2 15 4444 475.5100 313.0400 16 6193 223.8300 285.1699
2.9774502139e+000 2.2133113977e+000 -1.2253135243e+001
73 31 5
2 15 4445 475.5100 313.0400 16 6194 223.8300 285.1699
3.0176846920e+000 2.2198536919e+000 -1.2124195319e+001
250 202 153
2 15 4462 491.6300 318.7000 16 6221 239.3000 290.5100
-1.0836092528e+000 2.9245362968e+000 -1.4275140606e+001
40 21 1
2 15 4632 -248.6300 379.0000 16 2986 -516.1400 355.7600
2.9867447834e+000 2.4964354154e+000 -1.1744896031e+001
74 29 2
2 15 4653 513.3600 389.2700 16 4530 259.7100 357.4100
3.1598175666e+000 2.5055448725e+000 -1.1455514052e+001
36 43 46
2 15 4678 571.4900 404.3201 16 4568 313.9800 371.6500
3.1598175666e+000 2.5055448725e+000 -1.1455514052e+001
36 43 46
2 15 4679 571.4900 404.3201 16 4569 313.9800 371.6500
3.1125499162e+000 2.5864110360e+000 -1.1665225648e+001
245 205 149
2 15 4692 545.3500 410.9399 16 6525 288.2900 378.2200
3.0657047189e+000 2.6290576040e+000 -1.1764937835e+001
33 9 1
2 15 4697 528.5200 415.0800 16 4590 272.1000 381.9600
3.1248805845e+000 2.6755133095e+000 -1.1672078622e+001
247 203 139
2 15 4717 547.8101 429.0500 16 4622 289.7400 395.1500
2.7274366384e+000 2.5259616265e+000 -1.0424579714e+001
156 142 115
2 15 4770 565.8700 470.2800 16 4687 319.4600 434.1500
-1.2251534810e-001 1.4611624207e+000 -5.8116737453e+000
210 196 161
2 15 4888 -337.7700 693.5701 16 4765 -314.2200 674.0500
3.3837289749e-001 1.4238573748e+000 -5.6527746461e+000
152 121 75
2 15 4896 66.3300 707.7700 16 4757 120.6000 669.7700
3.0926015182e-001 1.4122921491e+000 -5.5853409050e+000
205 187 156
2 15 4912 42.9100 724.8900 16 6808 113.1200 687.3600
1.8084027867e-001 1.4195215473e+000 -5.5961758054e+000
98 86 63
3 15 4914 -81.0500 730.7600 16 3183 -9.1300 698.7400 17 3174 114.3400 722.7500
3.1227054943e-001 -2.1714019119e-001 -6.4252010688e+000
120 113 89
2 15 4943 -0.8800 -543.2900 16 4807 -16.2000 -580.1700
2.3980262605e-001 -9.2112899928e-002 -6.3303991310e+000
12 5 1
2 15 4950 -45.3400 -484.2800 16 6905 -52.0200 -522.7800
2.4817692137e-001 2.8959418992e-001 -6.2616815074e+000
120 107 88
2 15 5008 -35.9700 -241.0500 16 4871 -43.3000 -274.8400
2.7648907081e-001 3.1536976208e-001 -6.2812344424e+000
112 100 76
2 15 5012 -16.9900 -221.9000 16 4875 -27.5500 -253.8300
-8.4129474787e-001 1.0756462700e-002 -1.0193121943e+001
171 181 171
2 15 5036 -322.4800 -138.2900 16 3250 -533.3300 -191.1700
3.0989478106e-001 5.0242202332e-001 -6.2595623583e+000
157 141 114
2 15 5062 7.4800 -98.2300 16 4936 -5.3800 -128.6100
-9.6712399142e-001 3.1941332628e-001 -1.0049549692e+001
179 178 171
2 15 5116 -361.1400 -62.1800 16 3312 -576.5700 -112.0400
3.0428392268e-001 5.7264483215e-001 -6.2477066323e+000
75 60 37
2 15 5138 4.6200 -51.4100 16 4990 -8.4500 -81.7700
-8.0435664054e-001 9.2444798187e-001 -1.0051154403e+001
62 51 45
2 15 5508 -316.7700 94.5600 16 3570 -532.5300 56.0400
1.8616094387e+000 1.7905977927e+000 -1.6279411848e+001
54 47 41
2 15 5773 159.9900 168.0500 16 5576 -91.6600 143.0600
8.7957271185e+000 4.3281680521e+000 -3.1683635950e+001
252 246 207
3 15 5978 438.7500 231.6200 16 5844 141.4100 207.7200 17 5684 -229.6500 249.2100
9.4715341613e-002 1.0509512002e+000 -6.2268655932e+000
59 39 6
2 15 6175 -134.8700 278.4600 16 6016 -156.5400 247.6000
