# Bundle file v0.3
18 3087
1.5580815234e+003 9.1841658284e-002 -9.1367947404e-002
7.0852722386e-002 1.8997003860e-001 -9.7922994039e-001
-1.8388773738e-001 9.6735891675e-001 1.7436176827e-001
9.8039032623e-001 1.6771437215e-001 1.0347317334e-001
-6.3043170563e+000 3.6722917326e-001 -2.0142373339e+000
1.5631066759e+003 9.6980662860e-002 -9.2436879949e-002
3.4402465179e-001 1.9917705142e-001 -9.1759225212e-001
-2.2610742004e-001 9.6605858485e-001 1.2492495846e-001
9.1133005742e-001 1.6449715144e-001 3.7738337749e-001
-5.9608403267e+000 2.1251988433e-001 -3.2423137443e-001
1.5791009615e+003 1.1437199329e-001 -1.8721372929e-001
7.6946309572e-001 -1.1685097904e-001 6.2791113466e-001
1.1335772502e-001 9.9249867616e-001 4.5786504492e-002
-6.2855116777e-001 3.5947552251e-002 7.7693706500e-001
3.7844506515e+000 -4.5256220252e-001 2.6437188167e+000
1.5866055431e+003 1.0781383252e-001 -1.3771727534e-001
6.6559826647e-001 -1.4063618352e-001 7.3293956883e-001
1.2782542623e-001 9.8905470104e-001 7.3698431135e-002
-7.3528199222e-001 4.4634764779e-002 6.7628997456e-001
4.5332163245e+000 -3.1974724523e-001 2.0683053735e+000
1.5866666923e+003 1.0460245124e-001 -1.6029593700e-001
4.8907925438e-001 -1.7900368884e-001 8.5367392037e-001
1.7332835403e-001 9.7914195896e-001 1.0601087633e-001
-8.5484429262e-001 9.6118175150e-002 5.0990443397e-001
5.3512149794e+000 -9.2966923196e-002 1.0628918425e+000
1.5868414799e+003 1.2039470231e-001 -2.0670497120e-001
3.1617561066e-001 -1.8684108270e-001 9.3012009603e-001
1.7357101717e-001 9.7525879254e-001 1.3690649939e-001
-9.3268756034e-001 1.1815539511e-001 3.4078324106e-001
5.8921065621e+000 6.8433150997e-002 8.8203386644e-003
1.5957969289e+003 9.7514439243e-002 -1.8836887084e-001
3.2519693198e-002 -2.0534812177e-001 9.7814856665e-001
1.9701758847e-001 9.6078082404e-001 1.9515193564e-001
-9.7986046935e-001 1.8636619070e-001 7.1701489378e-002
6.2837255467e+000 4.5527167114e-001 -1.6956752053e+000
1.6002553970e+003 8.8482185919e-002 -1.6446032942e-001
-2.7777704072e-001 -1.8607442213e-001 9.4245224021e-001
2.1098712317e-001 9.4528974169e-001 2.4882069471e-001
-9.3718960168e-001 2.6796196313e-001 -2.2332048005e-001
6.1294773970e+000 8.3389064564e-001 -3.6128042965e+000
1.6048393246e+003 6.9361508708e-002 -1.0474809103e-001
-5.2645653408e-001 -1.5284800448e-001 8.3634981034e-001
1.8379300255e-001 9.3998679904e-001 2.8748034688e-001
-8.3009857845e-001 3.0506114985e-001 -4.6676979863e-001
5.4995301924e+000 1.0433417228e+000 -5.1914542981e+000
0 0 0
0 0 0
0 0 0
0 0 0
0 0 0
1.5637381319e+003 1.0866076293e-001 -1.7130558761e-001
5.5711660799e-001 1.7980982482e-001 -8.1073393416e-001
-1.9103784726e-001 9.7784348504e-001 8.5595909290e-002
8.0816188107e-001 1.0719396284e-001 5.7912332737e-001
-5.3329905860e+000 -8.1299561889e-002 1.0018663843e+000
1.5685338677e+003 1.0081855626e-001 -1.5831047350e-001
7.4546161305e-001 1.6151631544e-001 -6.4668343362e-001
-1.6678412662e-001 9.8453338247e-001 5.3638362284e-002
6.4534489893e-001 6.7871191608e-002 7.6087020100e-001
-4.3877550805e+000 -2.8536660716e-001 2.2065743383e+000
1.5711706270e+003 1.0396719498e-001 -1.7398174998e-001
8.5784902629e-001 1.3168073159e-001 -4.9674463562e-001
-1.3897202167e-001 9.9004178189e-001 2.2450997716e-002
4.9475430800e-001 4.9774039735e-002 8.6760631607e-001
-3.4505546298e+000 -4.7440136005e-001 2.9309951291e+000
1.5738608067e+003 9.5998485227e-002 -1.4416174604e-001
9.4507453213e-001 7.3137704832e-002 -3.1856711201e-001
-7.6823158637e-002 9.9704423492e-001 9.9795691337e-004
3.1769849075e-001 2.3530188120e-002 9.4789978332e-001
-2.3460236529e+000 -6.4778525584e-001 3.4978670344e+000
1.5694727643e+003 9.0023401995e-002 -1.1745143867e-001
9.8635022523e-001 3.6854087548e-002 -1.6048367339e-001
-3.5936491678e-002 9.9931692148e-001 8.6173666336e-003
1.6069163563e-001 -2.7325213266e-003 9.8700087719e-001
-1.3358923291e+000 -6.5087224504e-001 3.8101576790e+000
1.5743222674e+003 1.0661590593e-001 -1.9363336072e-001
9.9938602150e-001 1.3370747240e-002 3.2385230299e-002
-1.2726061183e-002 9.9971834799e-001 -2.0031776234e-002
-3.2643948751e-002 1.9607340731e-002 9.9927469937e-001
-9.9275395325e-002 -7.7257649045e-001 3.9206434368e+000
1.5737272347e+003 1.2482912527e-001 -2.2711071617e-001
9.7531831328e-001 -2.2953086375e-002 2.1960724855e-001
2.3430586915e-002 9.9972537350e-001 4.3032432071e-004
-2.1955681585e-001 4.7258235335e-003 9.7558826931e-001
1.0800244130e+000 -6.9936466634e-001 3.8435522185e+000
1.5801920281e+003 1.1307618023e-001 -2.1551717523e-001
8.9012833496e-001 -7.1155559026e-002 4.5012046578e-001
8.2336294135e-002 9.9659061301e-001 -5.2806001878e-003
-4.4821008686e-001 4.1761662920e-002 8.9295222803e-001
2.5853233656e+000 -6.9366928802e-001 3.3221484355e+000
3.2558814255e-001 -1.0919082312e-001 -6.4047089544e+000
120 106 79
8 15 125 9.4900 -481.5800 16 111 -4.9100 -515.7500 2 121 18.2100 -512.5699 14 113 5.4100 -532.2800 17 117 0.0100 -463.9700 13 119 -4.9200 -505.4800 12 147 -1.5600 -495.0100 11 230 -12.5300 -509.6400
1.2570689507e+001 9.4264508035e-001 -3.8138601290e+001
235 129 126
3 15 140 516.1100 35.6600 16 125 216.3500 22.7100 2 173 -484.6900 7.3300
1.3758129976e+001 8.6512854235e-001 -3.8533768794e+001
254 254 225
3 15 451 563.5200 31.2500 16 453 258.9700 21.0700 2 571 -439.9300 8.1700
1.4269839882e+001 8.0918886402e-001 -3.8114424987e+001
252 249 216
3 15 450 595.0900 27.6900 16 452 286.0400 18.6600 2 575 -410.0500 10.5100
1.4176666463e+001 1.3196118978e+000 -3.7649513905e+001
254 255 248
3 15 457 600.2500 52.3700 16 458 289.8400 40.9800 2 582 -407.8700 33.1600
3.7046880787e-001 9.3506021068e-002 -6.3427592859e+000
8 8 8
5 15 412 43.4400 -362.6801 16 410 30.8000 -391.7800 2 726 46.6500 -385.1000 17 430 33.8700 -340.1000 3 872 76.5800 -415.2100
1.3732817779e+001 4.6218871444e-001 -3.7706065820e+001
253 251 221
3 15 653 577.4301 13.0100 16 640 271.5800 2.5500 2 811 -422.9500 -7.4000
1.0931756758e+001 3.8038667871e+000 -3.8935754118e+001
252 254 253
4 15 742 431.9600 165.3400 16 727 134.4900 144.2000 2 858 -591.6800 129.1200 17 778 -239.5100 184.4199
1.1078976414e+001 3.6824700666e+000 -3.7682823436e+001
241 242 244
4 15 741 457.0800 164.7200 16 726 157.7900 143.5800 2 863 -562.5000 130.4600 17 777 -215.7300 184.4500
2.2086308347e-002 1.3111957992e+000 -5.7945581079e+000
250 222 174
4 15 1384 -212.9400 564.3900 16 1381 -177.6500 536.6200 2 1010 8.8900 512.2700 17 1380 -85.6200 570.7300
5.5842330857e-002 1.3479865419e+000 -5.7595670081e+000
182 154 109
5 15 2113 -186.6800 606.7700 16 1388 -144.4700 579.2700 2 1014 46.8600 551.6000 17 954 -47.3600 611.9800 4 1820 197.2700 560.4700
1.9575876627e-001 1.4320739641e+000 -5.5934224608e+000
106 94 75
9 15 601 -63.1300 745.1000 16 593 9.6300 711.7000 2 1027 230.6900 664.4700 14 546 -182.0700 684.6100 17 659 131.8800 734.6300 3 1210 325.3300 636.8700 13 855 -255.2100 708.9100 12 1058 -288.8300 719.5200 11 1664 -342.5300 691.0300
1.3443071889e+001 6.1151302044e-001 -3.7462263440e+001
249 117 119
3 15 1545 568.5601 19.6900 16 1538 263.5000 9.2200 2 1201 -431.6000 -1.6700
1.3443071889e+001 6.1151302044e-001 -3.7462263440e+001
249 117 119
3 15 1546 568.5601 19.6900 16 1539 263.5000 9.2200 2 1202 -431.6000 -1.6700
2.0561809432e+000 9.1974240326e-001 -9.8485193162e+000
159 154 134
2 15 1628 438.0200 85.0500 16 1605 229.0300 66.4800
2.0561809432e+000 9.1974240326e-001 -9.8485193162e+000
159 154 134
2 15 1629 438.0200 85.0500 16 1606 229.0300 66.4800
1.1699968437e+001 2.1342837682e+000 -3.9135754209e+001
255 252 237
4 15 1633 462.1100 89.4800 16 1615 164.7600 72.1000 2 1237 -548.6800 54.5800 17 1085 -204.9500 112.0500
1.1699968437e+001 2.1342837682e+000 -3.9135754209e+001
255 252 237
4 15 1634 462.1100 89.4800 16 1616 164.7600 72.1000 2 1238 -548.6800 54.5800 17 1086 -204.9500 112.0500
1.3471250120e+001 4.6208385916e+000 -3.7751846814e+001
250 248 224
4 15 1166 569.0699 207.1300 16 1176 255.9300 185.1000 2 1344 -459.8100 179.2300 17 1180 -119.9300 228.2300
1.2737807854e+001 4.7959648573e+000 -3.7736661926e+001
190 185 163
4 15 1798 535.3900 215.6400 16 1769 225.4200 193.1000 2 1348 -493.1300 185.9299 17 1740 -150.4600 235.8101
3.0267410970e+000 2.4010589367e+000 -1.1903115169e+001
33 9 6
4 15 1293 510.6700 362.7900 16 1962 256.3100 332.1000 2 1479 -309.6900 326.8500 3 1687 -498.6800 310.5901
1.4403939456e-001 1.3373588172e+000 -5.7149545636e+000
219 180 128
7 15 930 -110.8400 609.8800 16 910 -59.4700 579.5200 2 1593 130.8800 546.8700 14 1241 -199.7500 552.2600 17 951 41.3000 608.6200 3 1786 219.9000 522.3700 13 1314 -250.6500 577.5601
1.4379771275e-001 1.3374407138e+000 -5.7147583615e+000
219 180 128
6 15 931 -110.8400 609.8800 16 911 -59.4700 579.5200 2 1594 130.8800 546.8700 17 952 41.3000 608.6200 3 1787 219.9000 522.3700 4 1814 263.5900 553.0300
2.4669680746e-002 1.3524618067e+000 -5.7826953592e+000
206 174 123
6 15 2110 -212.9500 603.9000 16 1384 -174.4100 577.7000 2 1598 12.6700 552.3000 17 1384 -81.1500 611.6100 3 2533 108.0000 529.7000 5 1925 235.8400 527.9800
2.4669680746e-002 1.3524618067e+000 -5.7826953592e+000
206 174 123
6 15 2111 -212.9500 603.9000 16 1385 -174.4100 577.7000 2 1599 12.6700 552.3000 17 1385 -81.1500 611.6100 3 2534 108.0000 529.7000 5 1926 235.8400 527.9800
2.2480025604e-001 1.4250212114e+000 -5.5905683397e+000
160 148 122
8 15 1420 -34.3800 738.6100 16 926 37.5100 704.3600 2 1618 250.8000 655.0601 14 1267 -156.1300 679.7800 17 1402 156.7400 725.5200 3 1805 341.5600 626.6100 13 1333 -232.8800 705.4100 12 1560 -270.4900 716.6000
2.3156427454e-001 1.4321709192e+000 -5.5867534192e+000
109 98 72
7 15 943 -28.2400 747.0800 16 927 44.9600 712.2600 2 1621 256.9500 661.9200 14 1269 -150.5300 688.5701 17 1405 163.1700 733.1000 13 1335 -228.0700 714.0000 12 1564 -266.9700 724.9000
1.0492098001e-001 1.4366518983e+000 -5.6182172774e+000
110 100 75
8 15 1421 -150.5400 741.4100 16 1412 -82.2800 712.8700 2 1627 156.8100 672.3201 14 1946 -257.0300 676.5300 17 1408 45.0900 740.3700 3 2562 261.9000 647.0400 13 3092 -317.8900 698.4100 4 2622 321.1600 676.3000
-1.1954343873e-001 1.4749965708e+000 -5.7972919572e+000
112 102 77
6 15 2141 -335.3100 711.6700 16 1407 -309.2700 692.5900 2 1631 -111.1800 677.1700 17 1407 -217.3300 734.7500 4 1239 78.2400 698.4299 5 1955 178.5400 663.6100
1.3807498529e+001 5.6578034105e-001 -3.7352098830e+001
238 118 112
3 15 1543 587.7700 17.5100 16 1535 280.6500 7.5400 2 1864 -413.4600 -1.8100
1.3872827549e+001 8.9465498215e-001 -3.7582751663e+001
248 243 214
3 15 1565 586.6700 32.3900 16 1556 279.1700 22.9600 2 1869 -417.0800 12.4400
1.3708658158e+001 9.0537111502e-001 -3.7534241495e+001
230 103 90
3 15 1567 579.9600 33.2800 16 1557 273.0900 22.6300 2 1870 -423.2300 12.6000
1.3708658158e+001 9.0537111502e-001 -3.7534241495e+001
230 103 90
3 15 1568 579.9600 33.2800 16 1558 273.0900 22.6300 2 1871 -423.2300 12.6000
1.3740623121e+001 1.1153661600e+000 -3.8481858967e+001
247 240 213
3 15 1053 564.1700 42.5000 16 1567 258.4000 31.1600 2 1882 -441.0600 20.0400
1.4164457931e+001 1.1173836888e+000 -3.8011098730e+001
145 125 109
3 15 1056 592.3900 42.7100 16 1566 283.4700 31.9800 2 1883 -414.2600 23.0900
2.2285458775e+000 1.2545022350e+000 -9.7700687748e+000
193 188 169
2 15 1738 493.2100 176.9900 16 1708 276.4700 152.3800
1.2194657711e+001 4.4904529210e+000 -3.8076678750e+001
249 234 211
4 15 2701 503.7000 199.8700 16 1743 198.0400 178.0601 2 1996 -522.3400 168.8900 17 2565 -176.8600 219.7500
1.1751926125e+001 4.5118809573e+000 -3.8200149158e+001
254 234 210
4 15 1769 481.4900 200.5000 16 2595 177.5100 178.1500 2 1997 -544.9500 168.3000 17 2573 -197.4400 219.9199
1.0846610734e+001 4.5902097903e+000 -3.8550468147e+001
247 234 206
4 15 1776 434.7100 202.7900 16 1746 135.0600 180.0400 2 2000 -594.1000 168.0700 17 1717 -241.2400 220.7900
1.2403901497e+001 4.4625357299e+000 -3.7907892049e+001
243 240 212
3 15 1766 516.3800 199.1500 16 1740 209.2000 177.6000 2 2002 -509.3700 169.0800
1.2424321673e+001 4.6411908417e+000 -3.8051545386e+001
192 174 150
3 15 1784 514.9399 207.0400 16 2617 207.9900 184.6000 2 2017 -512.1800 176.3500
1.2424321673e+001 4.6411908417e+000 -3.8051545386e+001
192 174 150
3 15 1785 514.9399 207.0400 16 2618 207.9900 184.6000 2 2018 -512.1800 176.3500
1.0783316470e+001 4.9496266625e+000 -3.8612205514e+001
193 183 162
4 15 1802 431.3000 218.9299 16 2646 131.1200 195.1300 2 2031 -600.7000 184.4099 17 1748 -245.6300 236.8800
1.3399306366e+001 4.6845898698e+000 -3.7010072749e+001
191 182 161
4 15 1795 579.4100 214.2300 16 1765 265.9200 192.2700 2 2033 -449.4900 186.3000 17 1739 -110.4400 234.9299
1.0045108500e+001 4.7375325979e+000 -3.1562381696e+001
197 180 153
3 15 1200 513.2300 255.3401 16 1816 207.8200 230.6000 2 2076 -504.5800 224.9800
2.7031965184e+000 2.2727527945e+000 -1.1945735750e+001
201 152 93
4 15 1927 442.8800 336.3900 16 1927 196.6700 307.2800 2 2167 -367.0700 301.7900 3 2372 -558.3400 283.6100
1.0760850133e-001 1.4295640551e+000 -5.6193003499e+000
174 162 140
7 15 3301 -147.6800 734.0699 16 2096 -79.5900 704.9000 2 2364 158.3100 664.6899 14 3001 -254.8200 669.5800 17 2110 47.4200 732.4600 3 3661 263.5200 639.5100 13 4594 -315.9200 692.3101
1.2903348417e+001 3.9109203030e+000 -3.7754260896e+001
184 182 159
4 15 2647 541.5900 174.4099 16 2542 233.0100 153.9900 2 2915 -480.7100 145.5200 17 2524 -140.6900 195.9500
1.0578479519e+001 4.9673030111e+000 -3.8800653089e+001
187 177 152
3 15 2752 419.9200 218.6500 16 2647 119.6400 195.1699 2 3002 -613.2600 183.9600
2.5791064383e+000 2.0864414822e+000 -1.2309498590e+001
204 148 96
3 15 2878 397.1500 287.8201 16 2783 153.0800 260.9299 2 3149 -414.8400 253.7900
2.6937306552e+000 2.3870182499e+000 -1.1973308203e+001
223 172 107
4 15 3036 439.9800 358.4700 16 2926 192.6700 327.4700 2 3262 -373.9500 323.1500 3 3419 -566.9200 305.7600
3.1534504101e-001 1.4295301281e+000 -5.5816413401e+000
103 96 77
8 15 1423 53.7500 743.9301 16 1410 124.2900 705.3000 2 3531 308.8000 650.2400 14 1271 -73.7200 691.0200 17 1401 231.3100 723.2100 13 1337 -158.4600 718.8101 12 2342 -208.8300 731.1899 11 2576 -285.5800 705.3900
4.3227120335e-001 6.3247920322e-001 -6.1950777459e+000
83 69 43
7 15 3523 97.2900 -15.0800 16 3390 87.2900 -40.8200 2 3861 99.7600 -38.7100 14 3176 75.9500 -61.5200 17 2274 90.6800 3.1600 3 4014 126.2900 -62.9200 13 3222 58.2000 -40.1900
3.8021396491e-002 1.0674255401e+000 -6.2457062960e+000
249 227 180
3 15 4373 -171.0100 287.8000 16 4211 -196.2100 257.1500 2 4454 -168.0000 234.8500
2.9349090450e+000 2.3621033157e+000 -1.1935525751e+001
249 199 138
3 15 4563 490.1300 354.2000 16 4421 237.8400 323.9099 2 4641 -327.7800 318.5100
2.9845938614e+000 2.5651767140e+000 -1.1755548009e+001
95 50 11
3 15 3122 513.8400 402.9600 16 4564 258.9000 370.2100 2 4745 -308.0000 364.6200
6.4701618069e-002 1.4226194057e+000 -5.6389657019e+000
198 184 153
5 15 4905 -187.0900 719.8300 16 4773 -123.4100 692.7900 2 4945 117.2900 657.6100 17 4578 4.1300 722.9700 3 5079 226.7000 633.0701
4.8044661883e-002 1.4298990266e+000 -5.6460405364e+000
102 90 64
6 15 4910 -202.4000 724.3101 16 4776 -139.7200 698.1100 2 4953 101.6900 664.0800 14 6631 -298.1500 657.8600 17 6611 -14.7000 729.9200 3 7164 211.3900 640.3000
-1.9742727951e-002 1.4408813756e+000 -5.6922095223e+000
111 97 68
5 15 10015 -260.4000 718.2300 16 6822 -209.9000 694.8500 2 4956 25.3400 667.3700 17 4584 -92.0500 730.6600 3 5097 137.3500 645.8900
1.3508089744e+001 3.5605697761e+000 -3.7258910108e+001
245 252 253
4 15 3993 578.6600 159.2600 16 5561 266.9200 140.3200 2 5809 -442.4500 133.6200 17 5402 -106.5800 183.9099
1.0588398027e+001 3.9563596422e+000 -3.8610023196e+001
237 241 242
3 15 5799 421.3800 173.4299 16 5630 124.1700 152.0100 2 5827 -603.4000 137.5300
1.3220801603e+001 3.7013099821e+000 -3.7447774474e+001
196 205 207
3 15 4009 561.8400 164.6900 16 5603 251.3700 146.1900 2 5829 -459.4900 138.6500
2.9452099067e+000 2.3927909686e+000 -1.1958828412e+001
66 25 0
4 15 6469 490.7600 358.9700 16 6365 237.8300 328.9800 2 6481 -328.5000 323.3301 3 4812 -518.8500 306.9199
2.9848858131e+000 2.5944134818e+000 -1.1771731554e+001
251 229 177
4 15 4685 512.7600 407.9600 16 6517 257.7400 375.1700 2 6629 -309.7600 369.4399 3 6845 -498.7600 355.1400
2.9848858131e+000 2.5944134818e+000 -1.1771731554e+001
251 229 177
4 15 4686 512.7600 407.9600 16 6518 257.7400 375.1700 2 6630 -309.7600 369.4399 3 6846 -498.7600 355.1400
1.3011382896e-001 2.0303685308e-001 -6.2245555361e+000
124 106 81
3 15 7132 -115.7600 -306.8900 16 6985 -115.2900 -348.0800 2 7087 -33.4300 -365.1899
1.3536529385e+001 7.4207744040e-001 -3.7703878727e+001
255 238 215
3 15 7602 568.6100 25.9100 16 7483 263.1800 15.1500 2 7736 -432.9400 3.9100
3.0190024072e+000 2.2632921720e+000 -1.1921242170e+001
253 206 148
4 15 9092 507.1600 334.5500 16 8872 254.0500 305.4900 2 9105 -309.3300 299.8700 3 9225 -497.4000 282.5000
2.6391209517e+000 2.2964099900e+000 -1.1936062857e+001
198 154 90
4 15 9115 431.2500 341.7500 16 8908 185.2200 312.0601 2 9145 -378.0700 306.8600 3 9252 -570.5200 289.1699
3.0750602235e+000 2.2595424792e+000 -1.1927416041e+001
205 133 69
3 15 1922 517.9500 333.4199 16 1923 263.4200 304.3600 3 2368 -487.5800 281.4600
2.6717748660e+000 2.2990712973e+000 -1.1907621214e+001
243 193 137
3 15 2998 439.4700 343.4200 16 2902 192.9600 313.6200 3 3393 -561.2900 290.7700
9.2520449933e-002 1.3434814947e+000 -5.7382327946e+000
210 176 128
4 15 2114 -154.7500 608.9100 16 1389 -109.4500 580.0000 17 1383 -9.9700 611.4700 3 3617 176.6200 526.5800
4.0844564157e-001 1.0882034492e+000 -5.9671166761e+000
238 204 159
8 15 1270 101.3800 334.3900 16 1271 109.4600 303.6300 14 1103 50.5300 288.9299 17 2859 137.1900 336.6899 13 1184 16.4600 314.9700 12 1432 6.1000 326.6100 11 1041 -38.4000 314.6400 10 999 -56.8600 308.7100
2.8768004956e-001 1.5229330857e-001 -6.3374893836e+000
99 85 67
6 15 1437 -10.1100 -324.9000 16 2130 -22.6000 -357.9200 14 1299 -19.2200 -370.5800 13 873 -29.3200 -343.2100 12 1074 -22.5500 -329.9800 11 1125 -33.0500 -340.8600
2.9894083554e-001 4.9690329989e-001 -6.2684433475e+000
76 60 37
6 15 1461 1.8000 -103.5900 16 2180 -10.7900 -133.7400 14 1315 -11.2500 -147.7800 13 1401 -20.6100 -122.5000 12 1645 -9.7000 -110.6100 11 1768 -20.8200 -122.4200
2.9237914941e-001 7.8264762030e-001 -6.2032931520e+000
60 53 25
6 15 2498 1.5800 90.3000 16 3579 -10.3800 60.4800 14 2219 -16.1900 46.3700 13 1554 -24.8000 71.9100 12 1848 -10.4700 83.8300 11 2091 -22.1400 71.7700
2.6947726460e-001 6.0080865938e-001 -6.2220983203e+000
116 107 82
6 15 5162 -16.3000 -34.7600 16 5018 -25.6500 -65.3400 14 4866 -33.9300 -77.7800 13 3212 -44.6300 -51.9500 12 3865 -33.4900 -38.6900 11 4408 -45.0400 -49.5400
3.2073619384e-001 -2.3930011779e-001 -6.3921464532e+000
121 148 190
5 15 42 6.3200 -568.2800 16 40 -3.8700 -601.6700 14 33 -0.4900 -620.1801 13 39 -16.6800 -593.3199 12 38 -20.6100 -580.9301
2.7254095656e-001 -3.0524764621e-002 -6.3711049776e+000
87 81 55
5 15 188 -21.9800 -438.4700 16 165 -33.6500 -475.2100 14 117 -30.1200 -484.2600 13 122 -39.9000 -455.5200 12 149 -35.1000 -439.6000
4.0668894737e-001 1.0902142434e+000 -5.9648189563e+000
236 200 150
3 15 537 100.1000 336.5100 16 832 108.8100 304.6599 12 637 3.8700 328.9299
3.1344259872e-001 -1.3084338811e-001 -6.4189752828e+000
133 121 89
5 15 948 2.2000 -493.6200 16 932 -12.4600 -528.2700 14 835 -1.0400 -543.4700 13 551 -10.2200 -515.0000 12 706 -5.3600 -503.1000
3.6790979271e-001 1.4126045344e+000 -5.5877545473e+000
188 171 143
5 15 1415 102.8500 723.6600 16 2088 171.6000 684.0701 14 1265 -22.7100 673.0601 17 3158 267.5400 700.4600 12 1056 -166.4500 714.6600
3.0088810181e-001 1.4167825276e+000 -5.5826204260e+000
109 102 82
5 15 942 38.7100 732.3000 16 924 110.1300 694.5200 14 829 -87.1300 678.0400 13 1331 -171.2200 704.1000 12 1559 -219.9400 716.4700
3.0216300387e-001 7.7914328582e-001 -6.2099018330e+000
153 144 115
5 15 1631 8.1500 87.1800 16 2383 -4.6500 58.1500 14 1467 -8.7000 43.8600 13 1551 -17.3500 69.0900 12 1844 -2.7800 80.2400
2.7937047389e-001 7.5211401276e-001 -6.1970919919e+000
40 30 18
4 15 2466 -7.5400 69.6900 16 2361 -17.8500 39.4300 13 2283 -36.5500 51.4100 12 2763 -23.2300 63.6900
3.0147068647e-001 1.4320873142e+000 -5.5795640989e+000
103 93 68
4 15 2152 39.3300 748.4500 16 2097 111.4900 710.2200 13 2053 -170.8300 720.9399 12 3556 -219.4700 733.0300
3.0248619603e-001 5.7834347380e-002 -6.3700074069e+000
62 54 31
4 15 3335 -2.2400 -381.2700 16 4836 -15.7300 -414.9700 14 3059 -8.7200 -428.1899 12 3645 -12.0800 -389.2400
3.0698439019e-001 6.6103726206e-001 -6.2349027897e+000
150 136 107
5 15 2326 9.6800 6.1400 16 2285 -3.0500 -23.2900 14 3233 -5.8000 -37.4900 13 3246 -14.8700 -12.4300 12 3936 -1.6700 -1.9200
3.0623931179e-001 5.4342635473e-001 -6.2620278814e+000
170 155 124
4 15 5091 7.3600 -72.4700 16 7189 -5.8100 -102.9600 14 7055 -6.0300 -116.9000 12 5600 -3.6900 -80.4100
3.2426371517e-001 -1.0822501018e-001 -6.4032117133e+000
120 106 79
5 15 126 9.4900 -481.5800 16 112 -4.9100 -515.7500 14 114 5.4100 -532.2800 17 118 0.0100 -463.9700 13 120 -4.9200 -505.4800
3.8521032979e-001 5.3909775442e-002 -6.3607088279e+000
129 115 89
4 15 129 51.7900 -385.4600 16 113 37.6100 -415.3101 14 121 43.9700 -437.1000 13 125 31.8700 -413.3300
1.2369294460e-001 1.4314853824e+000 -5.6141074278e+000
125 117 98
5 15 406 -132.8700 737.5900 16 404 -63.1900 707.7500 14 384 -241.7900 674.0601 17 414 63.7100 734.3800 13 379 -305.6300 696.9200
2.9669893275e-001 4.7622375026e-001 -6.2708355614e+000
72 55 35
4 15 968 0.1200 -117.6700 16 1448 -12.3200 -148.3800 14 568 -13.0900 -161.1700 13 567 -22.0700 -135.0200
2.8878452570e-001 8.5535855078e-001 -6.1844131827e+000
45 36 27
5 15 724 0.3300 142.0700 16 1098 -11.3000 112.1900 14 653 -19.0600 97.9100 17 1621 -1.4600 148.4000 13 667 -28.0800 123.0000
3.8723614697e-001 -7.7172509069e-002 -6.3703071612e+000
9 8 5
4 15 604 51.2600 -468.7700 16 934 39.8900 -498.7300 14 391 42.0300 -521.2800 13 862 29.4400 -499.9200
2.9517172684e-001 6.7672765694e-001 -6.2296917059e+000
70 55 34
4 15 1037 1.9200 17.5100 16 1514 -10.6400 -13.0800 14 899 -13.7800 -26.9800 13 919 -22.5000 -1.0500
3.0511345078e-001 8.9381511282e-001 -6.1859076676e+000
148 138 111
4 15 1147 11.9400 168.8000 16 1123 -0.8700 139.6000 14 991 -6.5100 123.9600 13 1047 -15.1300 149.2500
3.1582199596e-001 1.4290582394e+000 -5.5813950369e+000
103 96 77
4 15 1422 53.7500 743.9301 16 1409 124.2900 705.3000 14 1270 -73.7200 691.0200 13 1336 -158.4600 718.8101
3.0745782433e-001 4.5568600161e-001 -6.2807857341e+000
145 132 101
5 15 3373 6.9100 -130.6900 16 3266 -6.4500 -160.3900 14 3099 -5.0000 -175.2000 17 3262 -0.4700 -118.6800 13 3171 -14.4600 -149.8500
3.0570886730e-001 5.9237871578e-001 -6.2523559696e+000
160 147 114
4 15 3460 7.3900 -40.1200 16 3352 -5.4600 -69.5400 14 3147 -5.9700 -84.0200 13 3208 -14.9100 -58.9100
3.0784154216e-001 6.0347329138e-001 -6.2482310366e+000
159 148 116
4 15 1498 9.4500 -32.3500 16 2247 -3.8100 -62.2500 14 2060 -5.0000 -76.4500 13 3211 -13.8700 -52.0500
9.5928227850e-002 1.1620556428e+000 -9.8829973897e+000
72 57 24
4 15 3987 -80.9800 156.0300 16 3734 -278.8500 125.1400 14 3638 102.9300 111.2500 13 3654 265.2300 134.1100
4.6971016266e-001 1.4323622097e+000 -5.6965587800e+000
247 216 178
4 15 6944 186.4100 696.4399 16 6783 224.0100 654.0800 14 6626 86.1000 651.6700 13 4588 15.9300 685.1899
3.1749671589e-001 1.4182594005e+000 -5.5845338157e+000
109 94 75
4 15 6981 54.8100 732.3400 16 6818 125.5800 693.4800 17 9510 231.9800 711.2300 13 6608 -156.9200 706.5701
2.6512382668e-001 6.2590080202e-001 -6.2192045978e+000
126 115 90
4 15 5190 -18.8000 -17.9400 16 5038 -28.7100 -48.7600 14 4891 -36.4100 -60.3400 13 7087 -46.9500 -34.2000
1.3587701007e-001 2.1299449785e-001 -6.2557306202e+000
19 22 15
3 15 194 -111.0300 -295.9399 16 172 -114.7100 -336.3500 14 189 -127.6800 -333.7300
2.6538077861e-001 1.4576097860e-001 -6.3178863893e+000
102 91 69
3 15 301 -24.8700 -332.2700 16 413 -34.2600 -365.9399 14 275 -35.9900 -376.7900
2.8936770630e-001 6.1389375991e-001 -6.2376537767e+000
75 62 45
3 15 442 -2.7400 -25.6300 16 436 -14.7400 -56.5000 14 283 -18.2100 -68.4900
2.9275164078e-001 5.7718551364e-001 -6.2457856648e+000
82 69 50
3 15 435 -1.1200 -50.2500 16 625 -13.0000 -80.8700 14 411 -15.8500 -93.8400
1.3719155818e-001 1.4171585364e+000 -5.6122293843e+000
201 187 158
3 15 600 -119.7000 723.8300 16 590 -49.5000 693.7000 14 826 -230.2400 661.6200
2.7212603755e-001 4.7675394921e-001 -6.2502848307e+000
102 90 68
4 15 969 -15.9700 -117.9000 16 1447 -25.5700 -149.4400 14 858 -31.8100 -161.1700 17 2197 -13.4100 -109.5500
2.7936640027e-001 7.9457594900e-001 -6.1942229256e+000
116 109 83
3 15 1642 -7.5200 98.9500 16 2406 -17.8900 69.4600 14 957 -25.4400 54.9700
3.8388288541e-001 1.4319639252e+000 -5.5855722173e+000
73 60 41
3 15 2150 119.1300 743.9301 16 1408 185.1100 701.6300 14 1272 -7.8600 693.6100
3.2574935761e-001 7.3353182760e-001 -6.2161241244e+000
119 105 78
3 15 1591 24.0700 55.8600 16 1561 10.7800 26.9900 14 1425 6.8500 11.4100
2.8651815408e-001 8.0366023541e-001 -6.1977615425e+000
65 57 34
3 15 1647 -1.8600 105.4400 16 2414 -14.0300 74.7800 14 1486 -20.2000 61.6300
2.4964713121e-001 1.7323364258e-001 -6.3023051379e+000
95 82 63
3 15 3348 -34.5600 -315.9399 16 4852 -43.0800 -351.1300 14 3065 -47.6100 -359.7300
-1.0107691289e+000 1.2352896714e-001 -1.0232417357e+001
159 179 168
3 15 3394 -363.3200 -108.9900 16 2156 -581.0000 -163.0400 14 3118 -167.2200 -140.7500
2.5974550168e-001 6.0054839453e-001 -6.2128831787e+000
108 100 79
3 15 3473 -22.9400 -35.2100 16 5015 -30.9000 -66.2100 14 3151 -41.4800 -78.1400
1.8086621940e+000 1.8059358300e+000 -1.6173656265e+001
198 193 187
3 15 4032 155.5300 171.4000 16 3809 -95.8500 146.3600 14 3694 413.8101 126.1500
-8.2771504877e-001 1.3923457596e+000 -9.0598746869e+000
57 26 6
3 15 4269 -375.0100 253.6200 16 2702 -580.4800 221.9399 14 3959 -193.3500 206.7500
2.3273785263e-001 -8.8661932371e-002 -6.3404027960e+000
99 92 73
3 15 3320 -49.0800 -482.7100 16 4817 -54.8200 -521.5200 14 4694 -59.9500 -527.3900
-9.7383490071e-001 1.7761262317e-001 -1.0220512106e+001
175 191 199
3 15 3400 -354.3800 -95.5600 16 3275 -571.0300 -148.1100 14 4804 -158.6800 -128.4900
-1.1411922086e+000 2.9969340890e-001 -1.0115208043e+001
42 43 44
3 15 5106 -402.9200 -65.9600 16 4941 -625.2200 -119.0600 14 4832 -204.6400 -98.3700
-1.1411922086e+000 2.9969340890e-001 -1.0115208043e+001
42 43 44
3 15 5107 -402.9200 -65.9600 16 4942 -625.2200 -119.0600 14 4833 -204.6400 -98.3700
2.6656425305e-001 8.7886849154e-002 -6.3346114805e+000
143 133 117
3 15 4975 -24.5800 -367.5000 16 6957 -34.9300 -402.4700 14 6857 -34.7300 -412.5699
2.2882224656e-001 1.7901621772e-001 -6.2818385034e+000
21 11 0
3 15 7129 -48.5900 -314.9800 16 4853 -54.2100 -351.1500 14 6911 -63.6400 -357.9500
-8.6055387679e-001 6.1328066652e-002 -1.0171310182e+001
64 49 8
2 15 61 -327.8500 -126.4400 16 57 -539.3600 -179.1600
-5.2953783533e-001 2.5490535173e-001 -1.0224031971e+001
165 186 208
2 15 64 -240.5800 -77.2600 16 41 -445.5900 -121.6000
3.3436623788e-001 -1.5729017373e-002 -6.3837384155e+000
115 102 79
2 15 86 17.9000 -426.9700 16 78 2.9500 -458.2100
2.7191544292e-001 -2.8677533917e-002 -6.3624513129e+000
87 81 55
2 15 189 -21.9800 -438.4700 16 166 -33.6500 -475.2100
1.5455815159e-001 1.0223212870e-001 -6.2850108682e+000
17 17 19
2 15 191 -98.4700 -366.0601 16 169 -103.7000 -407.3000
1.4695285647e-001 1.4298965575e+000 -5.6053742452e+000
109 101 80
2 15 289 -110.6000 738.9000 16 254 -39.1700 708.3700
3.1646981880e-001 -1.8225260236e-001 -6.4287024850e+000
111 99 73
3 15 292 3.7700 -525.2400 16 406 -11.8700 -558.2200 17 421 -8.6800 -505.7300
2.4143266107e-001 8.3520291539e-002 -6.3524684535e+000
6 8 8
2 15 298 -40.7300 -367.6801 16 265 -53.6700 -403.4500
2.4143266107e-001 8.3520291539e-002 -6.3524684535e+000
6 8 8
2 15 299 -40.7300 -367.6801 16 266 -53.6700 -403.4500
3.1430075308e-001 1.5055655191e-001 -6.3429122415e+000
139 123 98
2 15 302 7.4600 -325.1500 16 267 -6.4500 -357.1600
3.3836187879e-002 1.4374760120e+000 -5.6560007511e+000
85 72 55
2 15 405 -214.9400 728.1100 16 403 -154.6900 702.8300
2.5113490349e-001 5.2614558396e-003 -6.3425588624e+000
15 14 12
2 15 408 -35.0200 -420.1100 16 407 -45.0100 -457.5200
2.5113490349e-001 5.2614558396e-003 -6.3425588624e+000
15 14 12
2 15 409 -35.0200 -420.1100 16 408 -45.0100 -457.5200
-9.9708269388e-001 2.0019731618e-001 -1.0219784972e+001
158 179 209
2 15 427 -360.2900 -89.7000 16 422 -577.9200 -142.3400
2.7614835651e+000 2.2563373071e+000 -1.1984751059e+001
220 184 130
2 15 535 452.0400 331.2100 16 831 204.2900 303.1599
3.6191674060e-001 -4.0124470083e-002 -6.3646265889e+000
130 119 89
2 15 607 36.0800 -445.8700 16 598 23.5300 -476.8900
-4.1438293499e-002 1.3717135840e+000 -5.8631532049e+000
197 168 124
2 15 926 -260.5500 598.4000 16 587 -239.5900 572.7800
-2.7983352261e-002 1.4373177070e+000 -5.7014524044e+000
202 186 153
3 15 940 -266.5300 712.0300 16 922 -219.1900 688.3000 17 657 -101.6400 723.9600
2.4415622889e-001 -8.5721494116e-002 -6.3466870695e+000
9 5 3
2 15 949 -40.4200 -478.9600 16 1419 -48.7600 -518.2500
3.9484603446e-001 -6.5356607652e-002 -6.3687676433e+000
131 121 95
2 15 951 56.9400 -461.7300 16 936 43.9900 -490.5400
2.3413249434e-001 1.9304243400e-001 -6.2773166365e+000
91 78 59
2 15 955 -44.2800 -306.6100 16 942 -50.6400 -341.6500
-9.8091594691e-001 7.8751934650e-002 -1.0191646465e+001
171 189 205
2 15 967 -357.8700 -120.8200 16 611 -573.5800 -176.0000
-9.8737726254e-001 1.5397454147e-001 -1.0225107029e+001
49 40 21
2 15 973 -357.6700 -101.3900 16 953 -574.6600 -154.4600
-1.0783623311e+000 2.9605666677e-001 -1.0167291973e+001
102 84 21
2 15 984 -383.7800 -66.6500 16 962 -604.2500 -117.9200
-1.1512083432e+000 3.2943848906e-001 -1.0110119053e+001
171 185 196
2 15 986 -405.9300 -58.4400 16 966 -628.5500 -111.0100
1.7151853965e-001 6.4268103367e-001 -6.1286951423e+000
62 49 32
2 15 1019 -84.4100 -6.6200 16 1499 -82.2300 -40.4300
3.0458657946e-001 7.1020136841e-001 -6.2199124553e+000
150 136 109
2 15 1052 9.0400 39.2900 16 1020 -3.5400 11.0600
2.9422570085e+000 2.2519061554e+000 -1.2236665838e+001
245 200 139
2 15 1258 471.0300 321.2000 16 1266 219.5700 292.7300
3.0401430068e+000 2.6074033982e+000 -1.1839969458e+001
243 222 154
2 15 1321 518.8500 407.2500 16 2008 262.9600 374.5100
3.0818686046e+000 2.6446176324e+000 -1.1778077892e+001
12 0 0
2 15 1328 531.9700 417.6700 16 1333 274.9200 384.3300
3.0818686046e+000 2.6446176324e+000 -1.1778077892e+001
12 0 0
2 15 1329 531.9700 417.6700 16 1334 274.9200 384.3300
3.0818686046e+000 2.6446176324e+000 -1.1778077892e+001
12 0 0
2 15 1330 531.9700 417.6700 16 1335 274.9200 384.3300
3.3032505563e-001 -1.7306275374e-001 -6.4126057132e+000
115 103 76
2 15 1429 13.2400 -521.8199 16 1417 -1.3400 -555.5000
2.2851329618e-001 2.3321693842e-001 -6.2814677403e+000
105 95 69
2 15 1443 -47.6800 -278.9500 16 944 -55.5000 -313.9700
3.0140904093e+000 1.0746430909e+000 -1.0383201529e+001
106 88 49
2 15 1657 632.0800 114.7800 16 1650 391.4800 100.9400
7.4672740857e-002 1.0740002246e+000 -6.2366368695e+000
227 200 147
2 15 1879 -146.3600 293.1200 16 1862 -169.4500 262.1000
9.5602055397e-002 1.0831839374e+000 -6.2241456777e+000
233 206 160
2 15 1887 -132.2800 300.0701 16 1872 -153.8500 270.3900
3.0644923363e+000 2.3475806986e+000 -1.1881806405e+001
173 117 54
2 15 1944 519.2900 352.9299 16 1945 265.0300 323.1200
2.7644910755e+000 2.3869781294e+000 -1.1932871079e+001
226 177 108
2 15 1950 456.6000 359.7000 16 1951 207.8000 329.3800
2.9933546168e+000 2.6770721908e+000 -1.1706387040e+001
255 235 179
2 15 2021 519.5800 428.2900 16 2024 264.1500 394.3300
3.2701415768e-001 1.4187778146e+000 -5.5826020439e+000
116 106 85
2 15 2148 63.9300 733.0500 16 2094 134.5800 694.1200
3.0702174664e-001 -2.2746231622e-001 -6.4278435119e+000
124 150 179
2 15 2158 -2.2700 -552.3800 16 1413 -17.1700 -589.5000
2.2933565890e-001 -1.5384810806e-001 -6.3537727175e+000
102 95 76
3 15 2163 -51.4400 -522.5100 16 2106 -57.1800 -562.7200 17 2120 -39.0700 -515.4100
2.5795210757e-001 7.4183335582e-002 -6.3198019530e+000
109 93 77
2 15 2176 -29.7500 -378.8199 16 2119 -38.6400 -414.8600
1.6008723898e-001 4.2377508167e-001 -6.1622750608e+000
86 86 76
2 15 2210 -94.0100 -160.9700 16 2145 -90.8900 -196.3500
1.5343266273e-001 4.3265106266e-001 -6.1612247668e+000
132 123 98
2 15 2211 -98.6400 -154.4400 16 1432 -95.6200 -190.6200
3.0693277178e-001 4.7212729964e-001 -6.2734838572e+000
148 133 102
2 15 2220 7.1200 -119.8600 16 2161 -6.1600 -149.9900
-1.0690649313e+000 1.6860709063e-001 -1.0157282660e+001
161 174 197
2 15 2234 -382.2500 -99.2600 16 1445 -601.1800 -153.0200
-1.1486768462e+000 3.6072221330e-001 -1.0105546004e+001
65 42 16
2 15 2262 -405.4500 -50.4000 16 1461 -628.2000 -102.4400
1.1321945618e-001 1.1541871091e+000 -9.9685685264e+000
213 211 194
2 15 2600 -76.8300 151.7900 16 2495 -274.5600 121.1900
2.9516584605e+000 2.2274675881e+000 -1.2303741722e+001
57 18 3
2 15 2943 468.4700 314.1300 16 2849 216.9400 286.1200
4.6776734262e-001 1.1080555205e+000 -6.0070239257e+000
200 175 139
2 15 2995 143.7200 342.7700 16 4400 143.4000 311.8900
2.7185482256e+000 2.3133855869e+000 -1.1877761557e+001
106 61 28
2 15 3004 450.6300 347.4399 16 2906 203.4100 317.4600
3.1059424017e+000 2.3884692469e+000 -1.1891369763e+001
97 50 21
2 15 3039 527.0400 360.7700 16 4441 271.5700 330.2400
2.6550643889e+000 2.4183828879e+000 -1.2045862271e+001
216 167 108
2 15 3040 428.3199 361.2600 16 1960 180.9200 331.6100
3.0753747913e+000 2.4118627849e+000 -1.1918421285e+001
230 179 122
2 15 3055 519.1500 364.5000 16 2940 264.1100 333.6100
4.6730305688e-001 1.1356687345e+000 -6.0019972581e+000
206 177 143
2 15 3056 144.2300 364.4299 16 4451 143.8500 334.0400
3.0430467083e+000 2.7232200572e+000 -1.1779405481e+001
39 15 0
2 15 3164 524.4800 433.6000 16 3057 267.6000 399.8101
3.0430467083e+000 2.7232200572e+000 -1.1779405481e+001
39 15 0
2 15 3165 524.4800 433.6000 16 3058 267.6000 399.8101
2.5743109807e-001 -1.7357189425e-001 -6.3714972826e+000
80 77 59
2 15 3315 -32.7700 -531.4700 16 4808 -42.0600 -570.0200
1.3986644233e-001 1.8607736139e-001 -6.2092410300e+000
145 131 105
2 15 3347 -109.3800 -320.5000 16 2129 -106.8600 -362.4500
2.3114318029e-001 3.2191486563e-001 -6.2541802232e+000
154 143 113
2 15 3355 -45.0300 -222.3101 16 3237 -51.5900 -256.5300
2.3060825754e-001 3.3515305995e-001 -6.2478456697e+000
163 149 120
2 15 3356 -45.2400 -213.7100 16 3239 -51.3300 -248.4100
-8.1290781412e-001 -6.4487457089e-002 -1.0237936843e+001
69 61 41
2 15 3361 -313.1300 -156.3100 16 3240 -523.1400 -210.3101
2.6055842105e-001 4.3992043149e-001 -6.2443985761e+000
60 49 27
2 15 3367 -23.9400 -143.5600 16 4903 -32.3400 -175.0800
-1.0104176950e+000 1.0258359305e-001 -1.0231618142e+001
49 61 55
2 15 3387 -363.4100 -114.2200 16 3257 -580.7900 -168.4100
-1.0104176950e+000 1.0258359305e-001 -1.0231618142e+001
49 61 55
2 15 3388 -363.4100 -114.2200 16 3259 -580.7900 -168.4100
2.9909955996e-001 4.8524384782e-001 -6.2718743877e+000
84 68 45
2 15 3391 2.0200 -111.2100 16 3279 -11.2800 -141.3800
-9.8163756607e-001 1.2783157710e-001 -1.0218619021e+001
178 178 180
2 15 3395 -356.5900 -108.0900 16 2158 -573.0900 -161.6600
-9.8195922207e-001 3.9322387006e-001 -9.9713048404e+000
71 65 32
2 15 3455 -368.6300 -44.6600 16 2215 -584.0900 -93.2800
3.0390048907e-001 6.1588294309e-001 -6.2428008243e+000
143 131 104
2 15 3499 7.1400 -24.2200 16 3371 -5.9100 -54.0000
3.3175229756e-001 7.8146411142e-001 -6.1962444467e+000
88 74 47
2 15 3807 29.2100 88.9700 16 2387 17.2700 60.6700
-8.0356654482e-001 9.0617832242e-001 -1.0045323042e+001
72 59 55
2 15 3809 -316.4500 89.1800 16 3565 -531.8900 51.0800
1.2134214970e+001 3.1121880470e+000 -3.8028293040e+001
253 251 216
3 15 3936 500.4800 136.4100 16 3708 197.0800 117.5800 17 3682 -174.0500 158.7400
3.4829516210e-002 1.1431832978e+000 -1.0013067171e+001
180 158 89
2 15 3967 -97.0900 148.1400 16 3709 -296.4100 117.5200
1.8374569309e+000 1.7378595901e+000 -1.6181013990e+001
66 56 44
3 15 3999 158.9400 162.6000 16 5547 -92.2000 136.9200 17 5353 -427.2200 171.2900
1.0122256173e-001 1.1973995398e+000 -9.9407137383e+000
57 48 32
3 15 4008 -79.3900 163.9100 16 2512 -278.7400 133.6700 17 2464 -541.9500 160.9600
1.1914090053e+001 4.3325994690e+000 -3.7856124267e+001
210 199 178
3 15 4093 494.3700 193.4900 16 3906 189.4100 172.2200 17 3835 -184.8600 213.8600
1.0660404218e+001 4.9217350644e+000 -3.8673419557e+001
250 245 220
3 15 4162 425.0800 217.1599 16 3985 125.1000 193.9399 17 3886 -252.1800 235.0901
3.7409875676e-001 1.0546653639e+000 -5.9734461482e+000
235 211 171
2 15 4425 73.7900 307.1599 16 4288 83.4500 277.0500
2.9709345155e+000 2.2124277974e+000 -1.2248835538e+001
73 31 5
2 15 4444 475.5100 313.0400 16 6193 223.8300 285.1699
2.9709345155e+000 2.2124277974e+000 -1.2248835538e+001
73 31 5
2 15 4445 475.5100 313.0400 16 6194 223.8300 285.1699
3.0110899621e+000 2.2189800841e+000 -1.2120039420e+001
250 202 153
2 15 4462 491.6300 318.7000 16 6221 239.3000 290.5100
-1.0845756122e+000 2.9224492566e+000 -1.4269859105e+001
40 21 1
2 15 4632 -248.6300 379.0000 16 2986 -516.1400 355.7600
2.9801052320e+000 2.4952207562e+000 -1.1741207345e+001
74 29 2
2 15 4653 513.3600 389.2700 16 4530 259.7100 357.4100
3.1528758254e+000 2.5043574843e+000 -1.1452136428e+001
36 43 46
2 15 4678 571.4900 404.3201 16 4568 313.9800 371.6500
3.1528758254e+000 2.5043574843e+000 -1.1452136428e+001
36 43 46
2 15 4679 571.4900 404.3201 16 4569 313.9800 371.6500
3.1057106189e+000 2.5850826683e+000 -1.1661618949e+001
245 205 149
2 15 4692 545.3500 410.9399 16 6525 288.2900 378.2200
3.0589479861e+000 2.6276558313e+000 -1.1761226980e+001
33 9 1
2 15 4697 528.5200 415.0800 16 4590 272.1000 381.9600
3.1180186502e+000 2.6740580832e+000 -1.1668470063e+001
247 203 139
2 15 4717 547.8101 429.0500 16 4622 289.7400 395.1500
2.7209254970e+000 2.5248506957e+000 -1.0422512655e+001
156 142 115
2 15 4770 565.8700 470.2800 16 4687 319.4600 434.1500
-1.2514613295e-001 1.4622188797e+000 -5.8163707510e+000
210 196 161
2 15 4888 -337.7700 693.5701 16 4765 -314.2200 674.0500
3.3498423295e-001 1.4250184102e+000 -5.6576860151e+000
152 121 75
2 15 4896 66.3300 707.7700 16 4757 120.6000 669.7700
3.0591377022e-001 1.4134816812e+000 -5.5903626228e+000
205 187 156
2 15 4912 42.9100 724.8900 16 6808 113.1200 687.3600
1.7770345343e-001 1.4206919603e+000 -5.6011909345e+000
98 86 63
3 15 4914 -81.0500 730.7600 16 3183 -9.1300 698.7400 17 3174 114.3400 722.7500
3.0905685121e-001 -2.1349485837e-001 -6.4285938331e+000
120 113 89
2 15 4943 -0.8800 -543.2900 16 4807 -16.2000 -580.1700
2.3669137146e-001 -8.8645805232e-002 -6.3339677856e+000
12 5 1
2 15 4950 -45.3400 -484.2800 16 6905 -52.0200 -522.7800
2.4503111852e-001 2.9247170721e-001 -6.2654219891e+000
120 107 88
2 15 5008 -35.9700 -241.0500 16 4871 -43.3000 -274.8400
2.7329843065e-001 3.1820315181e-001 -6.2849469742e+000
112 100 76
2 15 5012 -16.9900 -221.9000 16 4875 -27.5500 -253.8300
-8.4257067625e-001 1.3165536507e-002 -1.0191496375e+001
171 181 171
2 15 5036 -322.4800 -138.2900 16 3250 -533.3300 -191.1700
3.0664098309e-001 5.0496138990e-001 -6.2633401657e+000
157 141 114
2 15 5062 7.4800 -98.2300 16 4936 -5.3800 -128.6100
-9.6824159977e-001 3.2140946919e-001 -1.0048184188e+001
179 178 171
2 15 5116 -361.1400 -62.1800 16 3312 -576.5700 -112.0400
3.0103518646e-001 5.7507348576e-001 -6.2515158010e+000
75 60 37
2 15 5138 4.6200 -51.4100 16 4990 -8.4500 -81.7700
-8.0571770572e-001 9.2559060893e-001 -1.0049816303e+001
62 51 45
2 15 5508 -316.7700 94.5600 16 3570 -532.5300 56.0400
1.8571526544e+000 1.7896171152e+000 -1.6270764594e+001
54 47 41
2 15 5773 159.9900 168.0500 16 5576 -91.6600 143.0600
8.7887475267e+000 4.3235449034e+000 -3.1671014216e+001
252 246 207
3 15 5978 438.7500 231.6200 16 5844 141.4100 207.7200 17 5684 -229.6500 249.2100
9.1782010304e-002 1.0526043886e+000 -6.2308024092e+000
59 39 6
2 15 6175 -134.8700 278.4600 16 6016 -156.5400 247.6000
8.4088861226e-002 1.0603821381e+000 -6.2276951105e+000
254 233 181
3 15 6213 -140.2600 284.2100 16 6045 -161.8600 253.7100 17 8394 -155.3300 286.4000
2.9586925270e+000 2.1359082203e+000 -1.2193697174e+001
245 180 123
2 15 6280 476.3300 300.4000 16 6146 225.5700 272.7700
